-1.711792111
-3.845365524
0.8879958391
0.3731232584
-1.254082918
2.16319108
-3.217418671
2.427836418
2.542515755
-3.346472979
0.2010383755
-3.88802433
-0.3671018481
-4.941476822
1.24208498
0.2979969382
-0.08421543986
1.136387587
3.387150764
-0.08849359304
-3.212918758
3.223503828
-2.00804925
-2.487804174
2.76268363
0.008521718904
-0.3148611188
-0.5782169104
5.296399593
-4.631645203
1.819642425
-2.320506573
12.12438869
1.484752417
1.86937952
-3.620133162
-2.139750004
0.7661664486
-5.978156567
2.553046703
1.732070684
0.932153523
-0.5311793089
-0.1072636396
2.626090527
4.193025112
1.499955177
-2.094221592
13.08780575
-2.962167025
-4.32448101
0.6526916027
-1.191526413
-0.5170916319
-0.5252662301
0.4997162521
0.5787161589
1.395257711
-0.3302633762
1.103031397
-1.279944658
3.37143445
-3.873650789
-3.543462276
-1.646238804
-2.280747652
5.083781242
0.8390491605
1.893941164
2.716129541
1.142624378
1.882748246
-0.1023105383
-4.227119923
0.749753058
-3.693534851
0.6910452843
1.184729338
2.140394211
-0.1273202002
1.560548067
-1.500459671
-4.320369244
-3.06994009
-1.426403165
0.02848688886
-7.652089596
0.7406257391
1.035937428
-1.232423902
-0.8567937613
-1.662808776
0.3149799407
3.295292854
0.5518322587
-1.373664021
3.050206423
-0.7162336111
-0.4354731739
0.1381358206
1.954144597
-0.3386659026
-4.859176636
-1.070504785
0.4637128115
-5.344485283
0.13413091
-5.418448925
1.311678052
-0.583122313
-1.693337679
-0.7854114175
0.7880781293
1.29532373
3.133802414
0.1750761718
-4.487962723
-1.394603133
0.6624932289
0.95184201
-1.020807743
-0.1457524747
0.6016221642
-0.05612207577
2.735677958
-0.5257768631
0.3978796899
-2.455876112
-3.254117966
-4.583797932
-1.275001049
0.5242962837
-3.766234875
-1.307398081
0.926194787
0.06696422398
-0.2192667276
-2.343524933
1.942065001
2.869116306
-1.358263254
5.828777313
-3.780647039
-2.18194294
4.286345005
-0.5455780625
2.901124716
0.9702657461
0.4739183187
-0.2034733593
-0.7409314513
-4.797653198
0.2369723916
-3.238676786
0.456033349
2.911546707
2.157678843
-0.3080542684
6.498126507
1.648927093
-0.5216588378
-2.578402042
-0.5741497278
3.45372963
-0.1268657744
-0.4483485818
0.7805079818
-0.06714731455
-2.494262457
-0.1721083373
-0.7201479077
1.486381412
3.333749056
0.7749157548
2.150055408
1.615589142
-5.792922497
-3.282926559
1.3742553
-1.387005925
1.868831396
3.16048789
0.5247785449
-5.700455189
-2.956756353
-1.170522451
0.8616541028
-2.247124434
-0.5139672756
-0.7477447987
0.3503277302
-1.442767978
-0.8950887918
-0.1753781438
1.073065996
0.7856900692
1.759086251
0.4093137681
-1.092721105
1.283330441
-0.639038384
-1.98721385
-12.81864548
1.051240206
-5.624529362
0.4642902017
-0.1305502355
2.194051743
-2.779226303
-1.852662563
2.201890707
-0.8266320229
-0.420304805
1.253663182
-1.163831234
0.7955923676
-0.0506401062
-3.205089569
-1.728301525
4.411888123
-0.4214172959
-1.115365863
1.016156435
3.982145309
-0.8210340738
-2.719486713
-2.257836103
4.609793186
-4.801356316
0.1703468412
-1.748539567
4.653497696
-4.661842823
-1.405859351
2.149719477
0.1758292317
-1.486377001
0.3229050934
-2.714983225
-3.563438416
-1.194964528
4.64599514
-1.799801469
3.046053648
4.781025887
-1.883356571
1.861062169
3.558645487
-0.3484476209
-35.03318787
-0.6529110074
2.75855875
-0.5174843669
-1.818333268
3.819115877
-3.429764509
-1.693847895
-0.1874991804
-4.777154922
2.673789501
1.623474002
4.275122643
4.498265743
-1.752662539
-3.574801445
1.622659564
6.876284122
-0.1012870818
-2.269333839
2.727713108
0.922100246
2.233575583
-0.2625727952
0.7653905153
2.450935125
-1.72866261
-2.483864784
0.05000219494
-0.344427228
5.145806789
-1.762265086
4.621915817
-0.07611469924
-1.405861855
0.4696684778
-1.575863838
-1.539375901
5.152356148
6.343758583
-1.966983795
-2.815714598
-0.8929424286
2.436566591
1.598329186
0.8921992779
-3.762885571
-5.374993801
-3.174700022
6.324633121
-1.424843073
-0.6904332042
-1.367195964
-2.15739274
-1.087257743
-2.693132877
-3.917556286
5.887738705
-1.458998203
-5.100002766
1.189137101
0.2167928666
-1.45671916
-0.5289741158
0.2913986146
2.336525679
1.332808375
-1.752334237
-0.827537179
-1.862070799
2.090860844
1.117229462
-0.5269802213
3.809558153
-3.726684332
-0.675008297
0.7292141318
2.136360407
3.445890903
2.051131248
-1.900848508
0.3082391918
1.133121252
1.464073539
-0.3998786509
-5.573056698
1.300794005
-0.2124032378
-1.453572989
-5.143509388
-1.781076312
0.8893706203
1.196510911
1.341319799
-2.414607763
1.138696074
-3.615729332
-0.7567333579
-1.704691052
-0.4418315887
0.6854780316
0.3204782307
-1.09516561
1.372473001
0.2869113684
-0.1963324994
-1.076908469
-0.8226242065
-1.736226559
-3.148723125
-2.870100498
1.692203522
4.49796629
-1.834890842
0.01718605123
-0.1484706849
6.869215488
-2.43516469
-2.585222244
-0.8126987219
0.7731095552
-1.722216606
-0.002875492442
0.5839421153
-3.277132988
-0.2289427221
-3.290183783
-2.725031137
-1.072333694
2.955989599
-1.895693302
2.780718803
-0.567848444
-4.465518475
0.05195575953
0.996680975
1.05727613
0.5197321177
-3.205052376
-4.531433582
-2.216855049
-3.175262213
0.8264827132
2.528884172
2.703140497
2.192225933
0.9922233224
0.05097420141
6.385268211
-0.1631954461
-2.690731287
2.406820059
-0.5730646253
-1.87678194
-1.985587239
0.7375946641
-1.166010261
3.116150856
-0.6972125769
-0.9924536347
-2.162267447
-1.018740296
-3.164197922
-0.3582880199
-1.070976496
2.489490747
1.339718819
-0.2636789978
3.393983364
-0.5298125744
1.142281055
-0.7249390483
1.535560489
0.469381541
1.059934735
-0.9499823451
0.1884607673
9.108143806
-1.186359406
3.557603836
-3.464528084
-0.7060937285
1.423638701
1.996128201
0.6296997666
-0.1492027938
-2.043202162
-0.7990059853
-0.03738213331
-4.559331894
4.133881092
1.179872036
1.024845839
-0.625666976
1.167792916
2.607517242
-2.265521526
-3.108785391
1.268559217
-0.7547051311
4.667222023
1.972818613
-0.05282965302
0.2892468274
-0.8707458377
0.8819499016
2.763312578
2.083897352
-8.897647858
-1.28388238
5.643394947
-1.775466681
2.523477554
1.219172955
0.5131559372
2.303841352
-5.356974602
-2.95280695
0.864772737
5.568971634
-2.312214375
2.921084642
-0.3550999463
-1.054238319
0.2863262594
2.707480192
1.368004084
-4.907003403
2.112725735
-0.630746901
-1.863661885
-1.506003857
-0.4261326194
1.822189212
-1.422049046
4.787452698
-2.780330658
0.8745253086
-1.589452386
-2.544005156
1.472019196
0.8363860846
-0.1282486618
-4.802321911
-1.624013901
2.007377386
-1.152122617
2.455268383
-0.6062207222
-2.071332455
-2.459679127
2.910847902
-0.7862285376
-1.636004329
-0.569868803
1.178433776
-0.07256285846
-6.5841012
-1.369600773
1.263547063
4.015011787
-0.1489653587
1.250392914
3.019120216
-0.1072130129
3.112617254
-2.230432987
0.02609065734
0.4098719954
0.7532148957
-1.85001123
-2.051882744
-1.129435539
-0.8032259345
-0.2921108007
0.4766665399
1.928096294
-0.4552338719
-0.7005816102
2.944305182
-1.020422697
-0.3834963441
-2.110230207
-0.6592223644
-1.862797618
-2.084421873
-2.431262016
2.502590179
-4.450518131
1.200082541
-0.1993005574
3.456370354
2.502793074
-1.906468272
-2.581394434
-4.42113018
1.027199984
1.057189941
-0.5613962412
-2.487605572
0.3031919897
-0.1514050215
1.885673523
-3.208451033
-0.219473049
4.101911545
-1.917085886
-0.9436624646
1.470319867
5.503501415
1.677906156
-1.245299459
3.191828251
-3.373645782
1.651021957
-1.785415053
-1.319812298
-4.756590366
1.497946024
0.4824179411
4.736035347
-1.927093983
2.450299263
1.956117749
3.748278856
-0.7530486584
-1.997478247
6.191709995
0.0231212303
3.269839525
1.478455901
0.3603808284
8.086242676
1.094478726
-0.3944765925
1.128018498
-1.78671968
3.018030405
-3.781620979
-0.03790465742
-1.28791976
-2.179004192
-1.509928942
1.886163354
0.4472489357
-0.616127789
2.178300381
-1.751091361
-5.97339201
-0.7440314889
2.309752226
-0.5518239737
0.5142736435
3.403000593
2.854955673
5.506527424
-3.550667286
-0.7194746733
-0.5420386195
3.460542202
-0.9803043008
-3.192967415
-2.965313673
-0.4657431543
1.016663313
1.50557816
-0.03480591998
-0.1031367406
1.714345098
3.169095755
-1.441062808
4.949337006
3.538440228
-0.1975455284
-2.107586622
-1.042130232
0.8269258738
-1.359107137
0.7172435522
1.863001108
1.742293477
-1.197088957
0.02599409968
-1.956407547
-3.067028046
-4.702035904
1.504202366
3.555163145
1.762934923
2.337220192
-0.3142172694
-0.2619196773
2.537829876
0.1654663086
1.265006661
-3.915397882
-2.348818779
0.7002255917
-0.3201735914
-1.980465531
-0.7436509728
-2.009216785
-1.893060207
1.89473474
2.139901876
-0.9270485044
0.5475186706
-2.311660051
2.562830687
2.369926214
-0.80208987
2.637086868
-1.114422798
5.314726353
2.114384651
-4.049245358
-2.76113224
0.07087476552
-0.1918665767
1.084187508
1.350352287
0.9004482031
0.6194475293
-1.378202915
-2.424097061
-3.703805685
-0.6857692003
-0.9518382549
1.371185899
1.915800095
1.124451041
2.017522812
1.89737916
-5.098044395
-2.434848309
-0.3210538924
0.4986589551
-0.002243229188
-2.491423368
0.6446835995
-0.01920332015
3.925619125
0.1705151349
-1.254028797
0.6563001275
0.6941323876
0.5734887123
1.102593899
-0.1127548516
0.4160105288
-3.926736832
0.7252873778
3.130808115
-0.4835421741
-1.353448868
1.384465933
4.99555397
6.004688263
1.925672531
1.13950479
-1.572722197
1.174302459
-2.270529032
-3.254528284
-1.393879294
3.342755318
1.117749095
1.917732954
-2.249943018
-2.603290081
0.8646347523
-0.1318694353
5.802381992
3.403921843
0.3581508696
3.623997688
1.64865315
0.5983352661
3.817194462
-2.038511276
1.76083684
3.061689615
-2.129089117
2.74112463
2.678901911
-2.422727823
2.001208067
-0.7333778739
-2.634544134
-0.1435296535
0.1178686991
-2.10115099
1.741001725
1.572615266
2.175793409
1.579887986
1.610847354
-3.018796444
1.266350985
-2.225270033
3.401271343
1.914870977
2.265345812
0.8550822139
3.475535631
3.844308138
-3.639222622
-0.5549517274
-11.13616085
1.351446271
-2.181288242
-1.147904515
2.46137619
0.3980228901
-5.14159584
2.800981283
23.27697372
2.088307142
-0.1128868312
-0.5874741673
-3.806074142
1.330231071
-0.6942614317
-2.698126078
1.870378256
-0.4478857517
0.9047673345
-1.119332552
-0.6490328908
-0.5172194839
-1.780733109
3.540628433
-4.085953712
0.6260001659
6.224747658
-1.847840309
1.739400983
0.1492072493
-3.372699738
-2.114108086
1.238314033
2.896754742
-6.15480566
-0.8532470465
2.766395569
3.064402103
-3.516056299
-1.003802061
0.07222599536
-0.517845273
3.67868638
1.14650774
2.125344276
3.544835091
0.7693757415
-0.3703561127
-3.707716465
-1.501091957
-2.561242104
1.52438128
0.9633583426
-2.896664143
-3.981255054
2.439906836
0.3438031077
-1.010486841
-3.353818178
2.006020784
-1.278164983
-0.2029244006
2.749830961
-1.027649045
0.6298201084
0.9035586119
-6.256927967
-1.498297691
-0.5121870041
-3.092391253
-4.078353882
2.701602459
0.2593243718
3.611868858
0.4334610403
6.450375557
-4.034672737
0.3854629099
1.107470155
0.4640940726
1.819143772
3.41959548
1.247293115
4.225501537
-3.623745203
-10.00955772
1.35544157
1.295813203
0.9950906634
0.4791277051
4.502056599
0.3006999195
2.565608978
3.637480021
0.8901613951
3.894301891
-1.76703918
-1.955269456
-6.140133381
-0.2447091192
13.54159069
-0.2054433227
0.2654955387
0.1425661892
-1.159399748
-3.09380722
-2.101922512
2.578824759
-1.095480204
-0.5222302079
-0.9505171776
2.318865776
-0.7873687148
0.9184939265
-3.938262939
5.61442709
0.5509546995
-1.768627524
-3.453095675
2.900841713
0.4641451836
1.175262213
-0.6874098182
1.804285407
1.096009135
1.951323628
-4.999312878
0.4570742548
-0.4802047312
-1.122345805
2.778391361
-2.158159256
2.034847498
-2.84980917
-0.5541617274
0.1720491052
-2.640915394
1.557585478
1.175500631
-17.79671478
0.1622470021
1.438705921
4.449192524
-3.805157661
-2.544617891
0.4270530343
0.6743961573
-0.4732419848
0.4869086742
-1.54255867
-1.129201412
-1.021686196
0.050218869
3.124352932
2.049142361
7.358385563
-0.1831841618
-3.889411688
1.327167153
5.71094799
1.02768445
1.523150325
-2.883704662
-1.542203903
1.567437768
6.168809891
0.03701520339
1.349612355
-3.271481514
0.01238407288
2.54382658
-1.103522658
5.120397568
0.8067231178
-2.945330143
4.598039627
-0.4683631659
-0.8534286618
0.6247234941
0.3112335801
0.4080405235
-0.4908182919
1.529344082
-3.210073471
0.9174790382
4.515727043
-1.159056544
0.5875707865
2.128590822
-1.152340412
-2.313284159
-3.416958809
0.5433097482
1.484900236
-4.337148666
-0.7600874901
-1.513513684
-2.034193516
-0.8958458304
1.071103096
2.012537003
-1.206775665
-2.043129206
-0.1358843297
-2.153086901
-2.44136095
2.66677022
-3.293814182
-2.760783195
1.536047459
-0.2200747877
-7.155400753
0.3351731002
-1.267617583
-2.27700758
3.059611082
0.06582202762
2.890452147
-2.027825356
1.584715724
2.418166399
0.2382146865
-0.6554865837
-0.6772384644
-0.4228580892
-0.3910016716
0.9015055299
0.7749863267
2.689602613
-0.9873751998
0.8091841936
1.165193796
2.537247658
1.920692444
-1.348014235
-1.604300022
1.906900048
2.075052261
-3.631341219
-6.092467308
-2.87401247
-0.4195364714
2.808821917
-3.775863409
-0.8747523427
3.554548025
-1.017271996
-3.188043594
-2.686812162
3.431301832
0.3149363995
0.1329118609
-2.142256737
-0.4189940691
-1.833258748
-6.617055416
0.5803641677
-1.850387454
1.194601536
2.058270693
1.391111374
-2.762942076
-1.56753552
-0.1395195872
3.411997318
1.570602894
-2.302829266
-3.930609465
-1.0316118
4.513451576
-2.767354727
0.02758301608
-0.5815173984
0.7385315299
-1.641175151
-0.6164545417
-1.256174207
-2.279613733
-2.595745564
-1.129704952
-1.546914697
-0.2236571014
-1.617903113
-1.797400475
-0.4815631211
-1.438375711
-1.330636501
-2.873967886
-0.1886333227
-0.1034611315
-0.3251127601
1.520896673
-1.965678453
3.054481268
-3.237204075
-2.133915186
-2.401119232
-1.198129177
0.7532557249
3.45978713
-6.750043392
1.762302518
0.08525460958
-0.09382665902
-1.011495829
-0.4934453368
1.967518568
3.88516736
1.080747008
2.062631369
-0.3801675141
0.6490556598
-1.932792902
-4.040312767
-0.9354778528
-0.1032730043
2.602636337
3.096263409
3.357889652
2.62421608
-1.762205601
-2.791934729
1.510302067
3.419258595
1.425703168
0.03011761978
6.851430416
2.359477043
-0.7769141197
-0.9508783817
-2.772676229
-0.8989519477
-2.185701609
-1.033192754
0.8460123539
-2.767449379
3.488051414
1.498916507
3.43414855
-0.2933164239
-0.4883693457
-4.905910969
-0.1994456053
-3.514588118
-0.891294241
-2.592792988
0.685768187
4.503046513
1.443162203
-3.396238804
3.48552084
-0.3035509288
2.239408493
0.4893792868
-0.2797549963
0.8848716617
-4.740849018
3.661519289
-3.582410812
0.7376541495
1.310113311
-4.202542782
-3.211884737
-2.727734089
-1.643337011
0.1436658204
0.2895715237
-2.10591054
1.703061461
5.14556694
-4.035217285
-0.993863821
1.216026545
5.514043331
0.7175793648
3.328585148
-1.464990258
5.431684971
-1.438018799
5.296124935
2.055890322
-1.975034952
0.7504919171
-2.368221521
4.362609863
-0.4995811284
1.711952686
-0.5937869549
4.684400558
-2.51107049
0.3679714203
1.793938637
-0.2537991703
0.8323627114
-0.04884047061
1.238231421
-2.742245197
-3.447574615
-1.637055159
-2.047688007
-1.094803095
-1.7275846
-0.9965404868
0.1716659367
1.206792712
-1.240392327
1.111976862
-1.541512012
3.398604631
1.20555675
-0.02572974935
-3.260505915
3.883810759
-0.5409258008
-3.030110598
1.537529707
-0.1757796556
4.287175179
-1.243208528
1.11095798
2.053430796
0.952591002
7.20631218
2.574726343
3.87061882
-2.278882265
-2.08713913
2.667526722
-3.030667305
-4.49311161
-6.327650547
0.8338742852
0.1327915788
3.435029268
-4.801139832
5.684598923
-2.491612673
-2.382973909
3.698204279
1.828774333
-2.249035835
-5.387871742
-0.9558686614
5.200368881
4.676290989
1.757945657
-0.6504859328
-4.277337551
-0.2912352681
-0.7966669202
-0.582955122
-1.273123026
1.330085993
-2.238266945
-0.3086777925
-2.634500504
-2.704573393
-0.1490379125
1.913151979
-3.674437761
-4.458238602
1.521008611
-0.01171309408
-1.238258839
-2.206953287
1.793645978
2.050999403
3.214905262
-0.4905553162
-2.470900536
2.269906521
-0.3227062225
4.450939178
-1.749248147
-2.956691742
-0.3215916753
-0.4465716183
1.593532085
1.383711815
0.1339193732
-2.537054062
2.840465784
-4.088205814
-2.900716782
0.9346497059
0.5204007626
3.908161402
-2.528277636
-2.32731986
2.101467609
-0.4447708726
1.010678768
1.992824674
-1.134101272
4.487700939
0.8387789726
0.1410969943
-1.774370193
0.9304381013
6.75695467
2.869665146
-1.331148505
2.216411114
-1.183053374
-2.157540083
1.85508585
1.488619447
-2.421695709
-0.6760240197
1.804654956
-3.642153502
-1.818036675
-1.265716076
-2.578202486
1.515844703
-5.145078659
-11.12411118
5.829057693
-3.592088699
6.740099907
-5.525374889
1.406070113
-1.336520553
-0.4183740616
-4.514692783
1.160552263
7.014191151
1.38118422
-3.895134687
4.302373886
-0.851949811
3.478354931
1.748320937
3.731655359
-3.156350851
1.83098495
-4.15865469
-0.06643394381
-1.520826697
1.300049067
-8.021492004
-0.8640907407
2.102847338
-1.340692163
1.701798081
-3.953639984
-1.959343791
-3.874289989
-4.673110962
3.281563282
-0.5165769458
-1.941061139
1.408091068
-0.7141705155
-3.37813282
-4.356785297
4.499302864
-1.05669117
-1.143394947
-2.026562929
0.1615912467
4.174052238
10.5653162
-1.965667248
0.3659926653
10.40067291
0.05822245404
-0.5844539404
-0.7795071602
-2.744759321
1.084617972
-2.346730232
2.758194447
2.223149776
-1.007584691
-0.1414619684
-1.67096746
-1.979537725
2.268299103
-2.047562838
2.442553997
-3.227934361
-2.789209366
-0.1120872796
3.704287529
-1.179796338
-7.752986431
-0.6043746471
2.03346014
-2.955537558
0.7702471018
2.224928141
-3.508590698
-1.442656755
4.539548874
-1.955782533
1.15153718
3.176219225
3.651805639
5.971060753
2.325346947
-3.117725134
2.115159035
1.457749009
-1.119840741
0.28007707
-3.378216982
-1.581813455
2.053186893
2.66785121
-1.919524193
-0.6250123978
-0.3638293147
2.148012161
1.466125727
0.212868154
2.736935139
3.865192175
-0.2485994846
0.8239076138
-3.723526955
0.5061392188
1.941733241
-3.452264071
-4.310979843
-1.836764097
2.069384098
0.1549620479
2.226022959
-3.395229101
-2.228252888
-0.09535777569
4.784273624
-1.745697737
-6.60524559
-1.236317635
-3.888707876
-3.288064718
2.514549971
1.710294724
1.538498282
-3.338972807
-2.759720564
-2.610866547
3.427661896
1.65821135
-1.840188146
-2.490984201
1.456625462
-2.172973394
-5.623452187
-2.651203156
-0.9028663635
-1.107206583
0.6413015127
0.6131805182
-0.09687668085
0.6373623013
-0.6534700394
-5.587320328
-4.988557339
-0.5037078261
0.2135474384
4.368468761
0.2183180898
0.4334771931
2.324443817
-2.755733967
-5.070873737
2.697676659
0.7609885931
1.771107674
4.087581635
1.780744195
-2.536837101
2.371958017
0.3710964322
1.727752924
3.592546701
-1.060603142
-4.648907185
0.09714198858
0.02340713702
-3.49774456
-1.930064678
3.632438421
6.600634575
-0.2873916626
-1.20796454
-2.030445099
1.8853544
0.220637545
3.396876097
-1.4079175
-0.3257543147
3.449557543
4.773117065
0.2444442362
-1.771232605
-0.3481777012
-1.63479054
2.932712555
2.281167984
-5.808467865
-0.3630733788
-0.1089687496
3.798056841
1.247318983
-7.716915131
0.6792512536
-0.5032713413
-1.783989668
-1.038542271
-0.6034273505
-0.383148849
1.796831965
-2.764821529
0.9454168677
-3.032920122
-4.950703621
2.58932662
-0.1118597686
-0.8803878427
-6.117438793
2.929123402
1.933018565
1.29856956
-1.646970749
1.932329655
-0.6952443719
1.036841869
0.8055835962
1.245736718
2.096798658
-3.209244967
-1.000150084
0.7268502712
3.994646788
3.550788879
-2.346684694
1.195894957
-3.681334257
3.100970268
-6.415848255
-1.544495106
3.26068902
0.9821673632
0.2764372826
-1.914055824
-6.294234753
3.466603756
-1.343123317
0.1093047559
-0.3884373605
0.7451987863
-0.891959846
-0.6386103034
-0.6491619945
-0.9708842039
2.063473701
-2.081932783
-2.211575031
-1.924471378
1.342698932
3.272018433
-0.2935988903
-5.210347652
-1.34594357
2.182728767
1.298339128
-0.4149843156
2.456572533
-3.181453466
3.755001783
-4.589734554
-5.177482605
2.319858074
-3.889338255
-7.867476463
-2.586328268
3.67697525
4.426609516
1.084880471
1.26019299
2.335942507
0.5432180166
-0.9124711752
1.656645775
0.6696628928
6.929382801
-2.078992367
-4.29279995
-1.403813601
4.923528671
-1.264759898
0.5244017243
-8.266748428
-1.68895483
-3.360249996
-2.348988771
0.9612407684
1.721990585
-1.73429966
-1.608893275
-4.069966793
4.389910221
4.949402332
1.620269895
-4.105778694
-0.771363318
0.01229913626
2.515105724
0.05741149932
-0.7319200039
-0.370036155
-5.111338615
-3.986753941
-2.344519615
-1.706087708
-3.272883177
4.034700394
3.476645947
6.939892769
-3.328022957
-1.812714338
0.575279355
0.448502332
-0.135100022
0.4400941133
-1.196529031
-0.9204238057
-0.9205054641
-3.745145082
0.3167475164
1.366418004
-4.20655632
-5.717955589
-6.787497997
4.564159393
1.443104148
-8.101855278
1.052289248
4.190002918
-3.102294207
-3.577567339
1.163363099
-1.1917665
-0.1149116307
1.2261554
0.6783334613
-1.285507917
4.42603159
2.746459484
-1.71422565
-0.2333970368
2.38843751
3.101307154
2.163741112
-4.260775089
-1.472426057
2.921947002
-0.007485307287
-4.282015324
-3.208163738
0.01076685544
4.932077408
3.163661242
2.81195879
-1.085814118
-3.796559572
-4.886368752
-2.088705063
-1.479888439
-6.951840878
4.160504341
-1.027540565
-0.393535465
-0.3751764894
-0.5484749079
-4.013118267
-3.523824453
-2.880091906
-1.574661732
-6.427937984
1.4385432
-1.229395151
6.074708462
8.238110542
0.4125790596
5.168157101
-2.924657345
-0.9184600115
2.809521198
1.703136683
-2.901957989
-1.186858296
-0.07763685286
3.463587046
2.54423213
-1.836790204
3.140384912
2.873836279
-1.167883873
-7.497047901
1.864565134
-0.308386445
0.4875876009
-1.877997875
1.00898385
-3.459817171
-2.3368783
2.609158754
0.01350878272
4.288690567
-1.131850362
-2.531518936
3.051738024
3.882731915
0.9460316896
-2.455548286
3.508620501
-2.627605915
-1.349147916
2.16366744
1.065117002
12.37943554
3.813755035
-0.6739379168
-1.396005511
3.91510272
7.428802967
-3.00771451
-1.251509786
1.384876132
-2.495624304
3.682297945
3.97475028
1.449800372
0.2442775071
2.167716026
-0.6734191179
3.667252541
-1.199041486
2.705149651
-1.016895652
-3.266996622
1.761718869
-3.156609058
1.473580003
-1.068846822
-3.707784176
-2.170564413
6.180490971
1.004549146
-1.137037158
-3.938853502
-1.239188194
1.812784314
0.4490410686
-2.855296373
-2.343388081
1.727842808
-2.141808033
-0.6629166603
-2.436333656
-0.007049030624
-1.074116588
-1.090170979
-0.5040832758
0.07040541619
1.185978293
-1.462277055
-0.08365962654
-1.129709005
-3.511121035
-4.501942158
-2.459747314
-2.571529865
1.162028193
4.658005714
-3.574622154
-0.194719851
-3.711488485
-0.1693858355
-3.232032537
-0.5115435719
-0.6544379592
-1.19821918
-4.759591103
-0.2693428397
1.05435133
-2.639230728
0.06944058836
-1.513084769
-1.410004377
-3.813204527
4.497283936
2.105300426
-1.372217774
8.44679451
-4.259257793
4.889529228
-3.620529413
-3.276729822
1.202432513
-0.3497551382
5.651211262
-5.625068665
-2.295484304
0.7669982314
0.8837155104
2.032973528
-0.7122568488
-4.090520859
3.119459152
-0.4172146916
-1.979588032
-1.472215533
2.073774576
3.344838381
-2.985534191
-1.559062719
0.1118308008
1.032160282
5.121819019
1.824235201
-2.1398139
3.890917301
-0.07982151955
-3.307805538
-0.7602482438
0.7938700318
-3.57626009
0.8438504934
2.721513748
3.273755789
3.171760798
-1.794037342
0.5416812301
-1.070641518
-3.094069719
5.213957787
6.531373978
3.531015158
-0.6072543859
-1.352350235
1.10953927
-0.1858418286
-0.0311880298
2.247555733
0.8894129395
2.831456423
4.471948624
1.55015564
2.438049316
0.8366176486
0.06068813801
1.786904931
-2.287697077
4.008369446
-0.04285256565
4.449706554
-0.03534321114
-1.118576169
4.105153084
-2.163310051
3.387635469
1.488274932
-2.803714275
3.878060818
1.509225368
-5.516739845
0.6223092675
-1.276844144
0.2733521163
-6.727921009
-0.2623501718
-0.5339609385
4.152063847
3.801538467
-2.67559123
-4.870666504
-0.981480062
3.638897896
3.973184586
0.5907104611
0.2524195611
0.8760243654
-2.319887161
-0.5324730873
-2.310839891
-0.06975980103
2.81651473
0.3942421675
-3.889550209
-3.020869255
-1.804490209
1.861976624
-0.7510793805
4.389023781
0.5597223043
0.09168095142
4.078936577
5.870159149
-2.280824423
-3.781356096
0.4625521004
0.5613930225
1.943145156
-2.683794737
-5.837220669
1.882261038
6.338167191
1.378906012
-2.373907328
-1.743528247
-0.5599568486
0.7483440638
-6.166787624
-6.315968513
-0.6437557936
3.67180419
6.978163719
-0.1916088015
1.14629066
0.7608323097
-1.004628658
1.371440172
0.5562957525
3.384904385
2.270292044
1.553584695
-2.198120594
2.199507475
-4.798998833
-2.052921295
-2.7701509
3.658559799
2.855907679
-5.877350807
-7.747296333
-3.525650024
-3.350010395
2.956646919
3.398569107
-5.923058033
-8.824180603
-2.478551149
2.881712914
-1.664038062
-1.537810087
2.785520315
-3.046674013
3.473127365
0.5781086087
-4.760836601
2.179075956
7.419792175
-1.339136481
1.424905181
-2.385908365
-0.9602704644
-3.486586571
-1.516893148
3.444266796
-3.387679815
0.002733013593
1.263236642
1.093874216
6.991630554
-2.06592536
0.5239691734
1.973816752
2.096199036
7.591044426
3.259550095
2.601299524
1.649709344
6.810807705
-0.299330771
-1.666193604
0.3206805885
-0.0623072423
-1.962741613
-7.799012184
-1.47982192
1.30629921
-1.243477583
0.8991938233
-2.883317709
2.2137115
1.377724767
1.242301941
3.542853355
1.50236392
9.619415283
-4.945613384
0.05667681992
2.543716431
-0.3284165859
-3.53842783
0.6656188369
2.836033583
-0.2132232338
1.663857937
-0.9240912199
-3.728230238
1.814347625
1.547492862
1.081029177
2.505959988
-0.4578555226
2.206891775
-0.4146980643
1.290692329
-2.790400267
-1.374079108
3.881491661
-1.760662436
1.194133759
0.3345514536
-1.538171411
-0.7656832337
4.175172329
1.421434402
-1.00692296
-4.661687851
4.715742111
-1.99290216
0.7833998203
-1.687883854
-3.366268396
-3.044624805
-0.6796631813
-0.1845388412
-2.200592518
-0.005723227747
-1.666673422
4.575273991
4.987318039
2.756506443
0.4007694125
-4.22543335
0.989464879
-1.730481505
1.021435022
2.317973852
1.581056476
-3.409781933
0.2148179114
6.372387886
-0.00530341547
-7.934944153
2.236129999
-0.5423915386
-3.037472963
-0.06240704283
2.462217093
0.8270428181
-3.958312273
2.759818554
0.1619598269
-5.268258095
-3.423094511
2.507762909
-1.172428846
6.325172424
4.533125877
-2.972842216
1.60624826
-2.928569794
3.744341135
4.425236702
0.8115139008
2.968929291
1.335456848
1.228793025
3.567488432
-1.285226345
-4.744376659
3.257258415
1.963968158
1.244798541
0.183655858
-1.492809057
0.2434955835
10.69502354
-1.108373284
-1.412300587
1.184961915
-1.092475176
