=== Graph Execution Profile ===
Operation      Time (ms)   Output Shape        Backend
------------------------------------------------------------
SUM            0.015       [2,1024]             values=[0.0062,-0.001,-0.001,0.0018,-0.018,...] weights=[1.0000,549.00]
ROPE           0.019       [2,1024]             values=[0.1714,-0.035,-0.047,0.0561,-0.540,...] weights=[0.3203,0.3281,0.3300,0.3515,0.3398,...]
MATMUL         3.143       [2,3072]             values=[-0.007,0.1455,0.2918,-0.540,0.0832,...] weights=[-0.026,0.0013,-0.006,0.0106,0.0495,...]
RESHAPE        0.002       [2,3,1024]           values=[-0.007,0.1455,0.2918,-0.540,0.0832,...]
GATHER         0.000       [2,1,1024]          
GATHER         0.000       [2,1,1024]          
GATHER         0.000       [2,1,1024]          
RESHAPE        0.000       [2,1024]             values=[-0.007,0.1455,0.2918,-0.540,0.0832,...]
RESHAPE        0.000       [2,1024]             values=[0.0720,-0.064,-0.190,-0.093,-0.406,...]
RESHAPE        0.000       [2,1024]             values=[0.1413,0.0801,0.1424,-0.270,0.2152,...]
MULTIPLY       0.014       [2,1024]             values=[-0.001,0.0116,0.0415,0.1465,0.0179,...]
GATHER         0.000       [1,1,3]             
RESHAPE        0.000       [3]                  values=[0.0108,0.1894,0.0011]
RESHAPE        0.000       [1,2,1024]           values=[-0.001,0.0116,0.0415,0.1465,0.0179,...]
GATHER         0.000       [1,2,1024]          
SCALAR_SUBTRACT0.009       [1,2,1024]           values=[-0.000,-0.000,-0.000,0.0012,0.0002,...]
RESHAPE        0.000       [2,1024]             values=[-0.000,-0.000,-0.000,0.0012,0.0002,...]
MULTIPLY       0.001       [2,1024]             values=[-0.000,0.0000,0.0000,-0.000,-0.000,...]
MATMUL         0.885       [2,1024]             values=[-0.003,0.0004,-0.003,0.0020,0.0009,...] weights=[0.0046,-0.044,-0.030,0.0047,0.0272,...]
ADD            0.001       [2,1024]             values=[0.0025,-0.000,-0.005,0.0039,-0.017,...]
ROPE           0.003       [2,1024]             values=[0.0320,-0.010,-0.068,0.0529,-0.206,...] weights=[0.1601,0.1630,0.1640,0.1689,0.1464,...]
MATMUL         3.980       [2,4608]             values=[0.0341,-0.015,-0.040,-0.052,-0.104,...] weights=[-0.025,0.0002,-0.004,-0.034,-0.019,...]
MATMUL         4.016       [2,4608]             values=[0.0010,-0.014,0.0407,-0.097,0.1343,...] weights=[0.0449,-0.010,-0.030,-0.020,0.0007,...]
SAMPLE         0.102       [2,4608]             values=[0.0173,-0.007,-0.019,-0.025,-0.049,...]
MULTIPLY       0.182       [2,4608]             values=[0.0000,0.0001,-0.000,0.0024,-0.006,...]
MATMUL         2.548       [2,1024]             values=[0.0102,-0.010,-0.003,-0.002,-0.005,...] weights=[-0.023,-0.002,-0.035,-0.002,0.0130,...]
ADD            0.002       [2,1024]             values=[0.0127,-0.011,-0.008,0.0017,-0.023,...]
ROPE           0.002       [2,1024]             values=[0.2172,-0.195,-0.142,0.0305,-0.206,...] weights=[0.3378,0.3417,0.3300,0.3554,0.1748,...]
MATMUL         2.670       [2,3072]             values=[1.1094,-0.096,-0.346,0.2121,-0.063,...] weights=[-0.019,0.0062,-0.029,0.0028,-0.003,...]
RESHAPE        0.002       [2,3,1024]           values=[1.1094,-0.096,-0.346,0.2121,-0.063,...]
GATHER         0.001       [2,1,1024]          
GATHER         0.000       [2,1,1024]          
GATHER         0.000       [2,1,1024]          
RESHAPE        0.000       [2,1024]             values=[1.1094,-0.096,-0.346,0.2121,-0.063,...]
RESHAPE        0.000       [2,1024]             values=[-0.212,-0.080,0.1176,-0.140,-0.392,...]
RESHAPE        0.000       [2,1024]             values=[-0.005,0.0613,-0.059,-0.027,0.8067,...]
MULTIPLY       0.001       [2,1024]             values=[-0.006,-0.005,0.0206,-0.005,-0.050,...]
GATHER         0.000       [1,1,3]             
RESHAPE        0.000       [3]                  values=[0.0512,0.1152,-0.014]
RESHAPE        0.000       [1,2,1024]           values=[-0.006,-0.005,0.0206,-0.005,-0.050,...]
GATHER         0.000       [1,2,1024]          
SCALAR_SUBTRACT0.009       [1,2,1024]           values=[0.0000,0.0000,-0.000,0.0002,0.0015,...]
RESHAPE        0.000       [2,1024]             values=[0.0000,0.0000,-0.000,0.0002,0.0015,...]
MULTIPLY       0.001       [2,1024]             values=[-0.000,-0.000,-0.000,-0.000,-0.000,...]
MATMUL         0.878       [2,1024]             values=[0.0046,0.0046,0.0024,0.0017,-0.001,...] weights=[0.0077,-0.006,-0.014,0.0383,-0.032,...]
ADD            0.002       [2,1024]             values=[0.0173,-0.006,-0.006,0.0034,-0.024,...]
ROPE           0.002       [2,1024]             values=[0.1020,-0.028,-0.035,0.0212,-0.052,...] weights=[0.1826,0.1318,0.1777,0.1914,0.0654,...]
MATMUL         4.081       [2,4608]             values=[0.0314,-0.029,-0.073,0.0146,-0.123,...] weights=[0.0067,0.0322,-0.029,0.0018,-0.043,...]
MATMUL         4.103       [2,4608]             values=[0.0785,0.0390,-0.032,-0.112,0.0175,...] weights=[0.0015,-0.012,-0.006,0.0072,0.0101,...]
SAMPLE         0.082       [2,4608]             values=[0.0159,-0.014,-0.035,0.0073,-0.058,...]
MULTIPLY       0.004       [2,4608]             values=[0.0012,-0.000,0.0011,-0.000,-0.001,...]
MATMUL         2.521       [2,1024]             values=[0.0019,0.0109,0.0022,-0.005,-0.001,...] weights=[-0.013,0.0383,-0.005,0.0083,-0.000,...]
ADD            0.002       [2,1024]             values=[0.0193,0.0042,-0.003,-0.001,-0.026,...]
ROPE           0.002       [2,1024]             values=[0.0182,0.0034,-0.003,-0.001,-0.008,...] weights=[0.0385,0.0327,0.0349,0.0437,0.0136,...]
MATMUL         0.870       [2,1024]             values=[-0.002,-0.004,0.0098,-0.005,0.0114,...] weights=[-0.013,-0.001,-0.001,0.0008,0.0067,...]
MATMUL         0.447       [2,512]              values=[-0.000,-0.000,0.0011,0.0030,-0.001,...] weights=[0.0100,0.0081,-0.022,-0.005,0.0052,...]
MATMUL         0.433       [2,512]              values=[-0.003,-0.001,0.0011,0.0055,0.0074,...] weights=[0.0500,-0.008,0.0192,-0.016,-0.003,...]
RESHAPE        0.001       [32,64]              values=[-0.002,-0.004,0.0098,-0.005,0.0114,...]
ROPE           0.002       [32,64]              values=[-0.232,-0.493,0.8204,-0.539,0.8872,...] weights=[1.4609,1.3671,1.1093,1.2890,1.0312,...]
RESHAPE        0.000       [2,1024]             values=[-0.232,-0.493,0.8204,-0.539,0.8872,...]
RESHAPE        0.000       [16,64]              values=[-0.000,-0.000,0.0011,0.0030,-0.001,...]
ROPE           0.001       [16,64]              values=[-0.027,-0.007,0.0801,0.2463,-0.116,...] weights=[1.4921,1.1015,1.3828,1.5468,1.4140,...]
RESHAPE        0.000       [2,512]              values=[-0.027,-0.007,0.0801,0.2463,-0.116,...]
RESHAPE        0.000       [1,2,16,64]          values=[-0.232,-0.493,0.8204,-0.539,0.8872,...]
RESHAPE        0.000       [1,2,8,64]           values=[-0.027,-0.007,0.0801,0.2463,-0.116,...]
RESHAPE        0.000       [1,2,8,64]           values=[-0.003,-0.001,0.0011,0.0055,0.0074,...]
SOFTMAX        0.016       [1,2,16,64]          values=[-0.232,-0.493,0.8204,-0.539,0.8872,...]
SOFTMAX        0.001       [1,2,8,64]           values=[-0.027,-0.007,0.0801,0.2463,-0.116,...]
SCALAR_ADD     0.008       [1,2,16,64]          values=[-0.003,-0.001,0.0011,0.0055,0.0074,...] weights=[-0.027,-0.007,0.0801,0.2463,-0.116,...]
RESHAPE        0.000       [2,1024]             values=[-0.003,-0.001,0.0011,0.0055,0.0074,...]
MATMUL         0.896       [2,1024]             values=[-0.005,-0.007,-0.007,0.0034,-0.002,...] weights=[-0.028,-0.018,0.0216,0.0344,-0.012,...]
ADD            0.001       [2,1024]             values=[0.0140,-0.002,-0.011,0.0016,-0.029,...]
ROPE           0.002       [2,1024]             values=[0.0665,-0.008,-0.050,0.0078,-0.043,...] weights=[0.1699,0.1049,0.1611,0.1738,0.0537,...]
MATMUL         4.002       [2,4608]             values=[-0.035,-0.094,-0.021,0.0409,-0.135,...] weights=[0.0532,-0.000,0.0052,-0.018,-0.025,...]
MATMUL         4.066       [2,4608]             values=[-0.022,0.0008,-0.001,0.0091,0.0703,...] weights=[0.0295,0.0241,0.0576,-0.029,-0.035,...]
SAMPLE         0.081       [2,4608]             values=[-0.017,-0.045,-0.010,0.0208,-0.063,...]
MULTIPLY       0.004       [2,4608]             values=[0.0003,-0.000,0.0000,0.0001,-0.004,...]
MATMUL         2.853       [2,1024]             values=[-0.005,0.0014,0.0024,-0.003,0.0059,...] weights=[0.0084,-0.015,-0.009,0.0014,-0.029,...]
ADD            0.002       [2,1024]             values=[0.0084,-0.001,-0.008,-0.001,-0.023,...]
ROPE           0.002       [2,1024]             values=[0.1081,-0.012,-0.108,-0.022,-0.086,...] weights=[0.3359,0.2197,0.3222,0.3320,0.0986,...]
MATMUL         2.657       [2,3072]             values=[-0.709,0.3539,-0.046,0.6099,-0.023,...] weights=[0.0051,-0.017,0.0067,-0.002,0.0068,...]
RESHAPE        0.002       [2,3,1024]           values=[-0.709,0.3539,-0.046,0.6099,-0.023,...]
GATHER         0.000       [2,1,1024]          
GATHER         0.000       [2,1,1024]          
GATHER         0.000       [2,1,1024]          
RESHAPE        0.000       [2,1024]             values=[-0.709,0.3539,-0.046,0.6099,-0.023,...]
RESHAPE        0.000       [2,1024]             values=[0.4323,-0.047,-0.295,-0.134,0.0485,...]
RESHAPE        0.000       [2,1024]             values=[0.2449,-0.113,-0.241,0.6235,-0.353,...]
MULTIPLY       0.001       [2,1024]             values=[-0.173,-0.040,0.0112,0.3803,0.0082,...]
GATHER         0.000       [1,1,3]             
RESHAPE        0.000       [3]                  values=[0.0130,0.0209,-0.052]
RESHAPE        0.000       [1,2,1024]           values=[-0.173,-0.040,0.0112,0.3803,0.0082,...]
GATHER         0.000       [1,2,1024]          
SCALAR_SUBTRACT0.008       [1,2,1024]           values=[0.0090,-0.003,-0.001,0.0482,0.0006,...]
RESHAPE        0.000       [2,1024]             values=[0.0090,-0.003,-0.001,0.0482,0.0006,...]
MULTIPLY       0.001       [2,1024]             values=[0.0039,0.0001,0.0005,-0.006,0.0000,...]
MATMUL         0.883       [2,1024]             values=[0.0017,0.0001,-0.000,-0.000,0.0001,...] weights=[0.0306,-0.027,-0.027,0.0112,0.0100,...]
ADD            0.001       [2,1024]             values=[0.0101,-0.001,-0.009,-0.001,-0.023,...]
ROPE           0.002       [2,1024]             values=[0.0740,-0.004,-0.069,-0.014,-0.039,...] weights=[0.1816,0.0913,0.1767,0.1826,0.0432,...]
MATMUL         4.093       [2,4608]             values=[-0.019,-0.062,-0.099,-0.137,-0.097,...] weights=[-0.014,0.0227,0.0079,-0.013,-0.018,...]
MATMUL         4.009       [2,4608]             values=[0.0468,0.0643,-0.003,0.0188,-0.023,...] weights=[-0.009,0.0115,0.0076,0.0512,0.0066,...]
SAMPLE         0.081       [2,4608]             values=[-0.009,-0.030,-0.047,-0.064,-0.046,...]
MULTIPLY       0.004       [2,4608]             values=[-0.000,-0.001,0.0001,-0.001,0.0011,...]
MATMUL         2.640       [2,1024]             values=[-0.006,-0.002,0.0077,0.0000,0.0052,...] weights=[0.0158,0.0052,-0.004,0.0101,0.0002,...]
ADD            0.002       [2,1024]             values=[0.0038,-0.004,-0.002,-0.001,-0.017,...]
ROPE           0.002       [2,1024]             values=[0.0609,-0.034,-0.030,-0.028,-0.063,...] weights=[0.3359,0.1748,0.3300,0.3261,0.0771,...]
MATMUL         2.768       [2,3072]             values=[-0.061,-0.524,-0.226,0.0133,-0.038,...] weights=[-0.001,0.0126,-0.025,-0.017,0.0245,...]
RESHAPE        0.002       [2,3,1024]           values=[-0.061,-0.524,-0.226,0.0133,-0.038,...]
GATHER         0.000       [2,1,1024]          
GATHER         0.000       [2,1,1024]          
GATHER         0.000       [2,1,1024]          
RESHAPE        0.000       [2,1024]             values=[-0.061,-0.524,-0.226,0.0133,-0.038,...]
RESHAPE        0.000       [2,1024]             values=[0.2499,0.0006,-0.190,-0.038,0.0370,...]
RESHAPE        0.000       [2,1024]             values=[0.2108,0.1130,0.1037,-0.102,-0.193,...]
MULTIPLY       0.001       [2,1024]             values=[-0.013,-0.059,-0.023,-0.001,0.0074,...]
GATHER         0.000       [1,1,3]             
RESHAPE        0.000       [3]                  values=[0.0510,0.0761,0.0327]
RESHAPE        0.000       [1,2,1024]           values=[-0.013,-0.059,-0.023,-0.001,0.0074,...]
GATHER         0.000       [1,2,1024]          
SCALAR_SUBTRACT0.009       [1,2,1024]           values=[-0.000,0.0048,-0.004,0.0002,-0.000,...]
RESHAPE        0.000       [2,1024]             values=[-0.000,0.0048,-0.004,0.0002,-0.000,...]
MULTIPLY       0.001       [2,1024]             values=[-0.000,0.0000,0.0008,-0.000,-0.000,...]
MATMUL         0.929       [2,1024]             values=[-0.000,-0.000,-0.000,-0.000,0.0003,...] weights=[-0.011,-0.053,0.0117,0.0018,0.0202,...]
ADD            0.001       [2,1024]             values=[0.0037,-0.004,-0.002,-0.002,-0.017,...]
ROPE           0.002       [2,1024]             values=[0.0302,-0.015,-0.020,-0.016,-0.034,...] weights=[0.1748,0.0815,0.1728,0.1728,0.0429,...]
MATMUL         3.992       [2,4608]             values=[-0.100,-0.063,0.0204,-0.121,-0.135,...] weights=[-0.026,0.0151,0.0133,0.0068,0.0143,...]
MATMUL         4.314       [2,4608]             values=[-0.032,-0.058,-0.053,-0.038,0.0130,...] weights=[0.0238,0.0029,-0.010,0.0028,-0.009,...]
SAMPLE         0.082       [2,4608]             values=[-0.047,-0.030,0.0103,-0.057,-0.063,...]
MULTIPLY       0.006       [2,4608]             values=[0.0015,0.0017,-0.000,0.0021,-0.000,...]
MATMUL         3.877       [2,1024]             values=[-0.006,-0.001,0.0092,0.0047,-0.000,...] weights=[0.0164,0.0043,0.0139,-0.014,0.0134,...]
ADD            0.002       [2,1024]             values=[-0.002,-0.005,0.0067,0.0026,-0.018,...]
ROPE           0.003       [2,1024]             values=[-0.002,-0.001,0.0071,0.0025,-0.002,...] weights=[0.0600,0.0194,0.0588,0.0527,0.0072,...]
MATMUL         0.943       [2,1024]             values=[0.0115,-0.001,0.0016,0.0048,0.0533,...] weights=[0.0021,-0.034,-0.018,0.0030,0.0263,...]
MATMUL         0.484       [2,512]              values=[0.0067,0.0007,0.0012,-0.000,-0.000,...] weights=[-0.024,0.0683,0.0217,-0.042,-0.015,...]
MATMUL         0.473       [2,512]              values=[0.0013,0.0060,-0.000,0.0014,-0.001,...] weights=[-0.013,0.0007,0.0537,0.0253,-0.017,...]
RESHAPE        0.001       [32,64]              values=[0.0115,-0.001,0.0016,0.0048,0.0533,...]
ROPE           0.002       [32,64]              values=[0.9261,-0.139,0.1528,0.5419,0.1120,...] weights=[1.1875,1.1875,1.3906,1.6484,0.0310,...]
RESHAPE        0.000       [2,1024]             values=[0.9261,-0.139,0.1528,0.5419,0.1120,...]
RESHAPE        0.000       [16,64]              values=[0.0067,0.0007,0.0012,-0.000,-0.000,...]
ROPE           0.001       [16,64]              values=[0.0028,0.0172,0.1073,-0.033,-0.056,...] weights=[0.0077,0.4062,1.5468,1.5703,1.2734,...]
RESHAPE        0.000       [2,512]              values=[0.0028,0.0172,0.1073,-0.033,-0.056,...]
RESHAPE        0.000       [1,2,16,64]          values=[0.9261,-0.139,0.1528,0.5419,0.1120,...]
RESHAPE        0.000       [1,2,8,64]           values=[0.0028,0.0172,0.1073,-0.033,-0.056,...]
RESHAPE        0.000       [1,2,8,64]           values=[0.0013,0.0060,-0.000,0.0014,-0.001,...]
SOFTMAX        0.003       [1,2,16,64]          values=[0.9261,-0.139,0.1528,0.5419,0.1120,...]
SOFTMAX        0.000       [1,2,8,64]           values=[0.0028,0.0172,0.1073,-0.033,-0.056,...]
SCALAR_ADD     0.008       [1,2,16,64]          values=[0.0013,0.0060,-0.000,0.0014,-0.001,...] weights=[0.0028,0.0172,0.1073,-0.033,-0.056,...]
RESHAPE        0.000       [2,1024]             values=[0.0013,0.0060,-0.000,0.0014,-0.001,...]
MATMUL         1.011       [2,1024]             values=[0.0024,-0.001,0.0038,-0.001,0.0010,...] weights=[0.0126,0.0285,0.0698,0.0013,0.0296,...]
ADD            0.002       [2,1024]             values=[-0.000,-0.007,0.0106,0.0010,-0.017,...]
ROPE           0.003       [2,1024]             values=[-0.000,-0.011,0.0386,0.0037,-0.011,...] weights=[0.1865,0.0766,0.1816,0.1855,0.0336,...]
MATMUL         4.230       [2,4608]             values=[-0.055,-0.057,0.1814,-0.002,-0.020,...] weights=[0.0032,0.0111,0.0368,-0.008,0.0196,...]
MATMUL         4.195       [2,4608]             values=[0.0734,-0.058,-0.007,-0.045,0.0178,...] weights=[-0.000,-0.014,-0.021,0.0015,0.0075,...]
SAMPLE         0.083       [2,4608]             values=[-0.026,-0.028,0.0989,-0.001,-0.010,...]
MULTIPLY       0.007       [2,4608]             values=[-0.001,0.0016,-0.000,0.0000,-0.000,...]
MATMUL         2.595       [2,1024]             values=[0.0046,0.0020,-0.002,0.0025,0.0047,...] weights=[-0.000,-0.023,0.0236,0.0286,-0.050,...]
ADD            0.002       [2,1024]             values=[0.0045,-0.005,0.0076,0.0035,-0.012,...]
ROPE           0.003       [2,1024]             values=[0.0511,-0.025,0.0869,0.0402,-0.029,...] weights=[0.3730,0.1679,0.3808,0.3808,0.0791,...]
MATMUL         2.757       [2,3072]             values=[-0.194,0.0628,-0.294,0.5411,-0.181,...] weights=[0.0040,-0.013,-0.011,-0.031,-0.004,...]
RESHAPE        0.002       [2,3,1024]           values=[-0.194,0.0628,-0.294,0.5411,-0.181,...]
GATHER         0.002       [2,1,1024]          
GATHER         0.000       [2,1,1024]          
GATHER         0.000       [2,1,1024]          
RESHAPE        0.000       [2,1024]             values=[-0.194,0.0628,-0.294,0.5411,-0.181,...]
RESHAPE        0.000       [2,1024]             values=[0.1855,-0.243,0.0646,0.2049,0.0002,...]
RESHAPE        0.001       [2,1024]             values=[-0.049,0.1890,0.0713,0.0170,0.0620,...]
MULTIPLY       0.001       [2,1024]             values=[0.0096,0.0118,-0.021,0.0092,-0.011,...]
GATHER         0.000       [1,1,3]             
RESHAPE        0.000       [3]                  values=[-0.007,-0.014,-0.161]
RESHAPE        0.000       [1,2,1024]           values=[0.0096,0.0118,-0.021,0.0092,-0.011,...]
GATHER         0.000       [1,2,1024]          
SCALAR_SUBTRACT0.009       [1,2,1024]           values=[-0.001,0.0014,0.0035,0.0001,-0.001,...]
RESHAPE        0.000       [2,1024]             values=[-0.001,0.0014,0.0035,0.0001,-0.001,...]
MULTIPLY       0.001       [2,1024]             values=[-0.000,-0.000,0.0002,0.0000,-0.000,...]
MATMUL         0.936       [2,1024]             values=[0.0030,0.0032,0.0088,0.0026,0.0010,...] weights=[0.0346,0.0049,0.0005,-0.022,-0.012,...]
ADD            0.002       [2,1024]             values=[0.0076,-0.001,0.0165,0.0061,-0.011,...]
ROPE           0.003       [2,1024]             values=[0.0677,-0.006,0.1479,0.0575,-0.017,...] weights=[0.2041,0.0810,0.2060,0.2148,0.0351,...]
MATMUL         4.260       [2,4608]             values=[-0.055,0.0265,0.0142,-0.034,0.1200,...] weights=[-0.015,-0.054,0.0038,0.0076,0.0419,...]
MATMUL         4.300       [2,4608]             values=[0.0079,-0.188,-0.153,0.0005,0.2189,...] weights=[0.0334,-0.017,-0.042,0.0065,-0.058,...]
SAMPLE         0.082       [2,4608]             values=[-0.027,0.0134,0.0071,-0.016,0.0636,...]
MULTIPLY       0.005       [2,4608]             values=[-0.000,-0.002,-0.001,-0.000,0.0139,...]
MATMUL         2.572       [2,1024]             values=[-0.007,0.0005,-0.002,-0.005,0.0021,...] weights=[0.0166,0.0162,0.0083,0.0103,0.0106,...]
ADD            0.003       [2,1024]             values=[0.0000,-0.001,0.0136,0.0006,-0.009,...]
ROPE           0.003       [2,1024]             values=[0.0005,-0.012,0.2918,0.0148,-0.040,...] weights=[0.3730,0.1611,0.3710,0.3710,0.0761,...]
MATMUL         2.845       [2,3072]             values=[-0.730,0.2539,-0.751,-0.135,0.1961,...] weights=[-0.006,-0.003,-0.022,0.0063,0.0037,...]
RESHAPE        0.002       [2,3,1024]           values=[-0.730,0.2539,-0.751,-0.135,0.1961,...]
GATHER         0.001       [2,1,1024]          
GATHER         0.000       [2,1,1024]          
GATHER         0.000       [2,1,1024]          
RESHAPE        0.000       [2,1024]             values=[-0.730,0.2539,-0.751,-0.135,0.1961,...]
RESHAPE        0.000       [2,1024]             values=[0.2854,-0.023,-0.224,-0.534,0.1929,...]
RESHAPE        0.000       [2,1024]             values=[-1.606,0.0194,-0.133,0.0820,-0.395,...]
MULTIPLY       0.001       [2,1024]             values=[1.1731,0.0049,0.1006,-0.011,-0.077,...]
GATHER         0.000       [1,1,3]             
RESHAPE        0.000       [3]                  values=[0.0222,0.0224,-0.045]
RESHAPE        0.000       [1,2,1024]           values=[1.1731,0.0049,0.1006,-0.011,-0.077,...]
GATHER         0.000       [1,2,1024]          
SCALAR_SUBTRACT0.009       [1,2,1024]           values=[-0.053,-0.000,0.0167,-0.002,0.0015,...]
RESHAPE        0.000       [2,1024]             values=[-0.053,-0.000,0.0167,-0.002,0.0015,...]
MULTIPLY       0.001       [2,1024]             values=[-0.015,0.0000,-0.003,0.0011,0.0002,...]
MATMUL         0.975       [2,1024]             values=[0.0029,0.0002,-0.003,0.0027,0.0010,...] weights=[0.0088,-0.007,0.0125,-0.053,0.0515,...]
ADD            0.003       [2,1024]             values=[0.0029,-0.001,0.0100,0.0034,-0.008,...]
ROPE           0.002       [2,1024]             values=[0.0330,-0.004,0.1107,0.0397,-0.019,...] weights=[0.1953,0.0771,0.1943,0.2050,0.0417,...]
MATMUL         4.482       [2,4608]             values=[-0.165,-0.115,0.0536,-0.155,-0.013,...] weights=[0.0407,0.0144,0.0017,-0.010,-0.023,...]
MATMUL         4.542       [2,4608]             values=[-0.177,-0.064,-0.071,0.0119,-0.116,...] weights=[-0.017,-0.020,0.0010,-0.005,0.0220,...]
SAMPLE         0.082       [2,4608]             values=[-0.075,-0.054,0.0275,-0.071,-0.006,...]
MULTIPLY       0.007       [2,4608]             values=[0.0134,0.0035,-0.001,-0.000,0.0008,...]
MATMUL         2.762       [2,1024]             values=[-0.077,0.0078,0.0100,0.0213,-0.009,...] weights=[-0.000,0.0180,0.0231,0.0289,0.0093,...]
ADD            0.003       [2,1024]             values=[-0.074,0.0067,0.0200,0.0247,-0.018,...]
ROPE           0.003       [2,1024]             values=[-0.009,0.0002,0.0030,0.0038,-0.000,...] weights=[0.0712,0.0173,0.0805,0.0844,0.0068,...]
MATMUL         0.942       [2,1024]             values=[-0.004,-0.004,-0.001,-0.006,0.0091,...] weights=[0.0224,-0.023,-0.005,-0.011,-0.002,...]
MATMUL         0.519       [2,512]              values=[0.0052,0.0002,-0.002,0.0006,-0.000,...] weights=[0.0388,-0.004,0.0299,0.0000,0.0083,...]
MATMUL         0.500       [2,512]              values=[0.0016,0.0099,-0.000,0.0010,0.0045,...] weights=[-0.011,-0.028,-0.009,0.0020,-0.022,...]
RESHAPE        0.001       [32,64]              values=[-0.004,-0.004,-0.001,-0.006,0.0091,...]
ROPE           0.002       [32,64]              values=[-0.620,-0.599,-0.144,-1.031,1.7008,...] weights=[1.1796,1.2265,1.2500,1.3125,1.6562,...]
RESHAPE        0.001       [2,1024]             values=[-0.620,-0.599,-0.144,-1.031,1.7008,...]
RESHAPE        0.000       [16,64]              values=[0.0052,0.0002,-0.002,0.0006,-0.000,...]
ROPE           0.001       [16,64]              values=[0.0158,0.0099,-0.018,0.0711,-0.003,...] weights=[0.0407,0.6406,0.1123,1.5390,1.5546,...]
RESHAPE        0.000       [2,512]              values=[0.0158,0.0099,-0.018,0.0711,-0.003,...]
RESHAPE        0.000       [1,2,16,64]          values=[-0.620,-0.599,-0.144,-1.031,1.7008,...]
RESHAPE        0.000       [1,2,8,64]           values=[0.0158,0.0099,-0.018,0.0711,-0.003,...]
RESHAPE        0.000       [1,2,8,64]           values=[0.0016,0.0099,-0.000,0.0010,0.0045,...]
SOFTMAX        0.003       [1,2,16,64]          values=[-0.620,-0.599,-0.144,-1.031,1.7008,...]
SOFTMAX        0.001       [1,2,8,64]           values=[0.0158,0.0099,-0.018,0.0711,-0.003,...]
SCALAR_ADD     0.008       [1,2,16,64]          values=[0.0016,0.0099,-0.000,0.0010,0.0045,...] weights=[0.0158,0.0099,-0.018,0.0711,-0.003,...]
RESHAPE        0.000       [2,1024]             values=[0.0016,0.0099,-0.000,0.0010,0.0045,...]
MATMUL         0.999       [2,1024]             values=[-0.001,-0.002,0.0046,0.0006,-0.000,...] weights=[-0.014,-0.013,-0.038,0.0258,-0.027,...]
ADD            0.002       [2,1024]             values=[-0.076,0.0040,0.0246,0.0253,-0.018,...]
ROPE           0.002       [2,1024]             values=[-0.028,0.0006,0.0092,0.0090,-0.001,...] weights=[0.2021,0.0854,0.2001,0.1904,0.0385,...]
MATMUL         4.378       [2,4608]             values=[-0.261,-0.182,-0.049,-0.050,-0.060,...] weights=[0.0035,-0.018,0.0295,-0.018,0.0286,...]
MATMUL         4.326       [2,4608]             values=[-0.013,0.0259,-0.068,-0.097,-0.003,...] weights=[-0.002,-0.023,-0.046,-0.014,-0.033,...]
SAMPLE         0.081       [2,4608]             values=[-0.113,-0.082,-0.024,-0.024,-0.029,...]
MULTIPLY       0.006       [2,4608]             values=[0.0014,-0.002,0.0016,0.0023,0.0000,...]
MATMUL         2.814       [2,1024]             values=[-0.004,0.0026,-0.001,-0.005,0.0002,...] weights=[-0.001,0.0016,0.0025,0.0361,0.0260,...]
ADD            0.003       [2,1024]             values=[-0.080,0.0066,0.0230,0.0201,-0.018,...]
ROPE           0.002       [2,1024]             values=[-0.054,0.0020,0.0147,0.0137,-0.002,...] weights=[0.3652,0.1689,0.3437,0.3671,0.0844,...]
MATMUL         3.101       [2,3072]             values=[-0.080,-0.108,-0.478,-0.178,0.0190,...] weights=[0.0016,0.0051,-0.025,-0.023,-0.003,...]
RESHAPE        0.002       [2,3,1024]           values=[-0.080,-0.108,-0.478,-0.178,0.0190,...]
GATHER         0.002       [2,1,1024]          
GATHER         0.000       [2,1,1024]          
GATHER         0.000       [2,1,1024]          
RESHAPE        0.000       [2,1024]             values=[-0.080,-0.108,-0.478,-0.178,0.0190,...]
RESHAPE        0.001       [2,1024]             values=[-0.059,-0.005,-0.000,-0.235,0.3608,...]
RESHAPE        0.000       [2,1024]             values=[-0.295,0.1415,0.2877,-0.281,0.3871,...]
MULTIPLY       0.001       [2,1024]             values=[0.0236,-0.015,-0.137,0.0503,0.0073,...]
GATHER         0.000       [1,1,3]             
RESHAPE        0.000       [3]                  values=[0.0175,0.0261,-0.044]
RESHAPE        0.000       [1,2,1024]           values=[0.0236,-0.015,-0.137,0.0503,0.0073,...]
GATHER         0.000       [1,2,1024]          
SCALAR_SUBTRACT0.009       [1,2,1024]           values=[-0.001,-0.002,0.0064,-0.006,0.0000,...]
RESHAPE        0.000       [2,1024]             values=[-0.001,-0.002,0.0064,-0.006,0.0000,...]
MULTIPLY       0.000       [2,1024]             values=[0.0000,0.0000,-0.000,0.0015,0.0000,...]
MATMUL         0.933       [2,1024]             values=[-0.000,0.0001,0.0005,-0.000,-0.000,...] weights=[0.0163,-0.051,-0.001,-0.006,-0.011,...]
ADD            0.001       [2,1024]             values=[-0.081,0.0067,0.0236,0.0200,-0.018,...]
ROPE           0.003       [2,1024]             values=[-0.031,0.0015,0.0089,0.0072,-0.001,...] weights=[0.2070,0.1201,0.2031,0.1943,0.0573,...]
MATMUL         4.071       [2,4608]             values=[-0.138,-0.087,-0.282,0.1264,0.0894,...] weights=[0.0038,0.0186,-0.027,-0.004,-0.020,...]
MATMUL         4.090       [2,4608]             values=[-0.053,0.0887,0.0151,-0.025,0.0604,...] weights=[0.0366,-0.002,0.0339,0.0322,-0.000,...]
SAMPLE         0.081       [2,4608]             values=[-0.064,-0.041,-0.121,0.0672,0.0467,...]
MULTIPLY       0.005       [2,4608]             values=[0.0034,-0.003,-0.001,-0.001,0.0028,...]
MATMUL         4.527       [2,1024]             values=[0.0069,0.0031,-0.003,0.0002,0.0005,...] weights=[0.0057,-0.040,-0.004,0.0187,0.0241,...]
ADD            0.004       [2,1024]             values=[-0.074,0.0099,0.0197,0.0203,-0.017,...]
ROPE           0.003       [2,1024]             values=[-0.010,0.0008,0.0032,0.0032,-0.001,...] weights=[0.0791,0.0458,0.0883,0.0864,0.0346,...]
MATMUL         1.138       [2,1024]             values=[0.0457,0.0106,-0.007,0.0103,0.0124,...] weights=[-0.035,0.0256,0.0205,0.0191,0.0190,...]
MATMUL         0.559       [2,512]              values=[-0.007,-0.001,-0.000,0.0007,-0.000,...] weights=[-0.009,0.0062,-0.041,0.0047,-0.010,...]
MATMUL         0.499       [2,512]              values=[0.0000,0.0039,-0.003,0.0052,0.0044,...] weights=[0.0544,0.0261,0.0003,-0.035,-0.003,...]
RESHAPE        0.001       [32,64]              values=[0.0457,0.0106,-0.007,0.0103,0.0124,...]
ROPE           0.003       [32,64]              values=[0.4875,0.3365,-0.337,0.5435,0.6501,...] weights=[0.2968,0.8789,1.2265,1.4687,1.4531,...]
RESHAPE        0.000       [2,1024]             values=[0.4875,0.3365,-0.337,0.5435,0.6501,...]
RESHAPE        0.000       [16,64]              values=[-0.007,-0.001,-0.000,0.0007,-0.000,...]
ROPE           0.001       [16,64]              values=[-0.087,-0.079,-0.016,0.0366,-0.027,...] weights=[0.2871,1.1406,0.8828,1.1406,0.7851,...]
RESHAPE        0.000       [2,512]              values=[-0.087,-0.079,-0.016,0.0366,-0.027,...]
RESHAPE        0.000       [1,2,16,64]          values=[0.4875,0.3365,-0.337,0.5435,0.6501,...]
RESHAPE        0.000       [1,2,8,64]           values=[-0.087,-0.079,-0.016,0.0366,-0.027,...]
RESHAPE        0.000       [1,2,8,64]           values=[0.0000,0.0039,-0.003,0.0052,0.0044,...]
SOFTMAX        0.003       [1,2,16,64]          values=[0.4875,0.3365,-0.337,0.5435,0.6501,...]
SOFTMAX        0.000       [1,2,8,64]           values=[-0.087,-0.079,-0.016,0.0366,-0.027,...]
SCALAR_ADD     0.008       [1,2,16,64]          values=[0.0000,0.0039,-0.003,0.0052,0.0044,...] weights=[-0.087,-0.079,-0.016,0.0366,-0.027,...]
RESHAPE        0.000       [2,1024]             values=[0.0000,0.0039,-0.003,0.0052,0.0044,...]
MATMUL         0.994       [2,1024]             values=[0.0084,-0.006,0.0037,-0.009,-0.000,...] weights=[0.0268,0.0187,-0.003,-0.022,0.0178,...]
ADD            0.002       [2,1024]             values=[-0.065,0.0030,0.0235,0.0110,-0.018,...]
ROPE           0.003       [2,1024]             values=[-0.028,0.0009,0.0097,0.0044,-0.004,...] weights=[0.2294,0.1748,0.2216,0.2167,0.1367,...]
MATMUL         4.489       [2,4608]             values=[-0.174,0.0986,0.0846,0.0165,-0.052,...] weights=[0.0051,-0.039,-0.000,-0.000,0.0017,...]
MATMUL         4.357       [2,4608]             values=[0.0339,0.0624,-0.176,0.1320,0.1264,...] weights=[-0.016,-0.065,-0.007,0.0121,0.0027,...]
SAMPLE         0.083       [2,4608]             values=[-0.079,0.0517,0.0441,0.0083,-0.025,...]
MULTIPLY       0.006       [2,4608]             values=[-0.002,0.0032,-0.007,0.0011,-0.003,...]
MATMUL         2.669       [2,1024]             values=[-0.004,0.0056,-0.009,-0.004,0.0013,...] weights=[-0.025,0.0004,-0.039,-0.028,0.0220,...]
ADD            0.003       [2,1024]             values=[-0.069,0.0086,0.0136,0.0069,-0.017,...]
ROPE           0.003       [2,1024]             values=[-0.051,0.0047,0.0101,0.0048,-0.006,...] weights=[0.3964,0.2968,0.4003,0.3808,0.2119,...]
MATMUL         2.646       [2,3072]             values=[-0.083,-0.002,-0.173,-0.080,0.7681,...] weights=[-0.021,0.0059,0.0211,0.0192,0.0043,...]
RESHAPE        0.002       [2,3,1024]           values=[-0.083,-0.002,-0.173,-0.080,0.7681,...]
GATHER         0.001       [2,1,1024]          
GATHER         0.000       [2,1,1024]          
GATHER         0.000       [2,1,1024]          
RESHAPE        0.000       [2,1024]             values=[-0.083,-0.002,-0.173,-0.080,0.7681,...]
RESHAPE        0.000       [2,1024]             values=[-0.016,0.1406,-0.071,0.2736,-0.116,...]
RESHAPE        0.000       [2,1024]             values=[0.2120,0.0653,-0.113,0.0693,-0.828,...]
MULTIPLY       0.001       [2,1024]             values=[-0.017,-0.000,0.0197,-0.005,-0.636,...]
GATHER         0.000       [1,1,3]             
RESHAPE        0.000       [3]                  values=[-0.019,-0.033,-0.156]
RESHAPE        0.000       [1,2,1024]           values=[-0.017,-0.000,0.0197,-0.005,-0.636,...]
GATHER         0.000       [1,2,1024]          
SCALAR_SUBTRACT0.009       [1,2,1024]           values=[0.0027,0.0000,-0.002,0.0009,0.0127,...]
RESHAPE        0.000       [2,1024]             values=[0.0027,0.0000,-0.002,0.0009,0.0127,...]
MULTIPLY       0.001       [2,1024]             values=[-0.000,0.0000,0.0002,0.0002,-0.001,...]
MATMUL         0.924       [2,1024]             values=[0.0001,0.0004,0.0021,-0.000,-0.000,...] weights=[0.0216,-0.000,-0.011,-0.015,0.0119,...]
ADD            0.002       [2,1024]             values=[-0.069,0.0091,0.0158,0.0060,-0.017,...]
ROPE           0.002       [2,1024]             values=[-0.034,0.0037,0.0079,0.0029,-0.004,...] weights=[0.2636,0.2226,0.2695,0.2617,0.1474,...]
MATMUL         4.028       [2,4608]             values=[-0.091,0.0030,-0.037,-0.192,0.0068,...] weights=[0.0054,-0.019,0.0025,0.0047,-0.021,...]
MATMUL         3.982       [2,4608]             values=[-0.053,-0.114,0.0150,0.0397,0.0771,...] weights=[-0.020,-0.009,-0.000,0.0020,-0.003,...]
SAMPLE         0.082       [2,4608]             values=[-0.043,0.0015,-0.018,-0.086,0.0034,...]
MULTIPLY       0.004       [2,4608]             values=[0.0023,-0.000,-0.000,-0.003,0.0002,...]
MATMUL         2.453       [2,1024]             values=[0.0044,0.0066,-0.005,0.0085,-0.001,...] weights=[0.0383,-0.024,-0.009,0.0017,-0.012,...]
ADD            0.002       [2,1024]             values=[-0.065,0.0158,0.0105,0.0146,-0.019,...]
ROPE           0.002       [2,1024]             values=[-0.009,0.0029,0.0015,0.0021,-0.004,...] weights=[0.0791,0.1025,0.0791,0.0820,0.1337,...]
MATMUL         0.893       [2,1024]             values=[-0.022,-0.023,0.0065,-0.014,-0.011,...] weights=[-0.030,-0.006,-0.018,0.0068,0.0013,...]
MATMUL         0.455       [2,512]              values=[0.0032,0.0037,0.0001,-0.000,-0.000,...] weights=[0.0102,-0.006,0.0014,-0.027,-0.007,...]
MATMUL         0.447       [2,512]              values=[-0.000,0.0012,-0.002,0.0034,0.0003,...] weights=[-0.006,-0.001,-0.000,-0.014,0.0090,...]
RESHAPE        0.001       [32,64]              values=[-0.022,-0.023,0.0065,-0.014,-0.011,...]
ROPE           0.002       [32,64]              values=[0.0791,-0.027,0.3736,-0.872,-0.820,...] weights=[-0.072,0.0241,1.2031,1.2734,1.4375,...]
RESHAPE        0.000       [2,1024]             values=[0.0791,-0.027,0.3736,-0.872,-0.820,...]
RESHAPE        0.000       [16,64]              values=[0.0032,0.0037,0.0001,-0.000,-0.000,...]
ROPE           0.000       [16,64]              values=[0.0110,-0.003,0.0118,-0.030,-0.000,...] weights=[0.0595,-0.014,1.4843,1.2031,1.5390,...]
RESHAPE        0.000       [2,512]              values=[0.0110,-0.003,0.0118,-0.030,-0.000,...]
RESHAPE        0.000       [1,2,16,64]          values=[0.0791,-0.027,0.3736,-0.872,-0.820,...]
RESHAPE        0.000       [1,2,8,64]           values=[0.0110,-0.003,0.0118,-0.030,-0.000,...]
RESHAPE        0.000       [1,2,8,64]           values=[-0.000,0.0012,-0.002,0.0034,0.0003,...]
SOFTMAX        0.003       [1,2,16,64]          values=[0.0791,-0.027,0.3736,-0.872,-0.820,...]
SOFTMAX        0.001       [1,2,8,64]           values=[0.0110,-0.003,0.0118,-0.030,-0.000,...]
SCALAR_ADD     0.008       [1,2,16,64]          values=[-0.000,0.0012,-0.002,0.0034,0.0003,...] weights=[0.0110,-0.003,0.0118,-0.030,-0.000,...]
RESHAPE        0.000       [2,1024]             values=[-0.000,0.0012,-0.002,0.0034,0.0003,...]
MATMUL         0.878       [2,1024]             values=[-0.006,-0.007,0.0052,0.0163,0.0005,...] weights=[0.0206,-0.015,0.0400,-0.012,0.0281,...]
ADD            0.002       [2,1024]             values=[-0.071,0.0080,0.0158,0.0309,-0.018,...]
ROPE           0.001       [2,1024]             values=[-0.036,0.0036,0.0085,0.0155,-0.006,...] weights=[0.2773,0.2500,0.2949,0.2734,0.1894,...]
MATMUL         3.964       [2,4608]             values=[0.1408,0.0749,-0.069,0.0978,-0.002,...] weights=[-0.030,-0.017,-0.032,0.0123,-0.283,...]
MATMUL         3.963       [2,4608]             values=[0.0378,0.0102,0.0096,-0.016,-0.047,...] weights=[-0.013,-0.023,-0.015,-0.018,0.2597,...]
SAMPLE         0.081       [2,4608]             values=[0.0753,0.0388,-0.033,0.0513,-0.001,...]
MULTIPLY       0.004       [2,4608]             values=[0.0028,0.0003,-0.000,-0.000,0.0000,...]
MATMUL         2.449       [2,1024]             values=[0.0021,-0.004,0.0017,0.0009,-0.002,...] weights=[0.0180,-0.016,-0.033,0.0206,-0.022,...]
ADD            0.002       [2,1024]             values=[-0.069,0.0038,0.0176,0.0318,-0.021,...]
ROPE           0.002       [2,1024]             values=[-0.052,0.0027,0.0139,0.0243,-0.013,...] weights=[0.4179,0.3867,0.4335,0.4199,0.3457,...]
MATMUL         2.615       [2,3072]             values=[0.2317,-0.284,1.3080,-0.028,-0.127,...] weights=[0.0893,0.0057,0.0130,0.0410,-0.044,...]
RESHAPE        0.001       [2,3,1024]           values=[0.2317,-0.284,1.3080,-0.028,-0.127,...]
GATHER         0.000       [2,1,1024]          
GATHER         0.000       [2,1,1024]          
GATHER         0.000       [2,1,1024]          
RESHAPE        0.000       [2,1024]             values=[0.2317,-0.284,1.3080,-0.028,-0.127,...]
RESHAPE        0.000       [2,1024]             values=[0.1461,0.3065,-0.061,-0.176,-0.053,...]
RESHAPE        0.000       [2,1024]             values=[0.3771,-0.338,-0.009,0.2644,0.3464,...]
MULTIPLY       0.001       [2,1024]             values=[0.0873,0.0964,-0.012,-0.007,-0.044,...]
GATHER         0.000       [1,1,3]             
RESHAPE        0.000       [3]                  values=[-0.008,0.0058,-0.230]
RESHAPE        0.000       [1,2,1024]           values=[0.0873,0.0964,-0.012,-0.007,-0.044,...]
GATHER         0.000       [1,2,1024]          
SCALAR_SUBTRACT0.009       [1,2,1024]           values=[-0.020,0.0157,-0.001,0.0014,0.0083,...]
RESHAPE        0.000       [2,1024]             values=[-0.020,0.0157,-0.001,0.0014,0.0083,...]
MULTIPLY       0.000       [2,1024]             values=[-0.002,0.0048,0.0001,-0.000,-0.000,...]
MATMUL         0.895       [2,1024]             values=[0.0016,-0.000,-0.001,-0.001,0.0009,...] weights=[0.0888,-0.019,0.0172,0.0213,0.0175,...]
ADD            0.001       [2,1024]             values=[-0.067,0.0030,0.0163,0.0300,-0.020,...]
ROPE           0.002       [2,1024]             values=[-0.039,0.0017,0.0100,0.0176,-0.010,...] weights=[0.3203,0.3164,0.3359,0.3222,0.2988,...]
MATMUL         3.968       [2,4608]             values=[-0.114,-0.206,0.0174,-0.031,-0.058,...] weights=[0.0122,-0.040,0.0172,0.0198,0.0098,...]
MATMUL         4.070       [2,4608]             values=[-0.105,0.0091,-0.059,0.1194,0.1600,...] weights=[-0.021,0.0534,0.0275,0.0140,-0.021,...]
SAMPLE         0.082       [2,4608]             values=[-0.054,-0.092,0.0087,-0.015,-0.028,...]
MULTIPLY       0.004       [2,4608]             values=[0.0056,-0.000,-0.000,-0.001,-0.004,...]
MATMUL         2.426       [2,1024]             values=[0.0151,0.0026,0.0043,-0.004,0.0036,...] weights=[0.0419,-0.019,0.0075,0.0305,-0.014,...]
ADD            0.002       [2,1024]             values=[-0.052,0.0057,0.0207,0.0257,-0.016,...]
ROPE           0.002       [2,1024]             values=[-0.008,0.0026,0.0040,0.0052,-0.009,...] weights=[0.0922,0.2539,0.1069,0.1127,0.3183,...]
MATMUL         0.910       [2,1024]             values=[0.1118,-0.029,0.0001,0.0130,0.0042,...] weights=[0.0174,0.0148,0.0098,-0.010,-0.016,...]
MATMUL         0.446       [2,512]              values=[0.0058,0.0010,0.0004,-0.004,0.0015,...] weights=[0.0046,0.0030,0.0005,0.0045,0.0275,...]
MATMUL         0.445       [2,512]              values=[-0.152,-0.004,-0.001,0.0070,0.0036,...] weights=[0.0021,0.0598,-0.017,-0.002,-0.042,...]
RESHAPE        0.001       [32,64]              values=[0.1118,-0.029,0.0001,0.0130,0.0042,...]
ROPE           0.002       [32,64]              values=[0.0175,-0.743,0.0047,0.4483,0.1157,...] weights=[0.0072,1.1562,1.1796,1.6015,1.2578,...]
RESHAPE        0.000       [2,1024]             values=[0.0175,-0.743,0.0047,0.4483,0.1157,...]
RESHAPE        0.000       [16,64]              values=[0.0058,0.0010,0.0004,-0.004,0.0015,...]
ROPE           0.001       [16,64]              values=[-0.000,0.0521,0.0179,0.0004,0.0681,...] weights=[-0.000,1.5937,1.2187,-0.003,1.4687,...]
RESHAPE        0.000       [2,512]              values=[-0.000,0.0521,0.0179,0.0004,0.0681,...]
RESHAPE        0.000       [1,2,16,64]          values=[0.0175,-0.743,0.0047,0.4483,0.1157,...]
RESHAPE        0.000       [1,2,8,64]           values=[-0.000,0.0521,0.0179,0.0004,0.0681,...]
RESHAPE        0.000       [1,2,8,64]           values=[-0.152,-0.004,-0.001,0.0070,0.0036,...]
SOFTMAX        0.003       [1,2,16,64]          values=[0.0175,-0.743,0.0047,0.4483,0.1157,...]
SOFTMAX        0.001       [1,2,8,64]           values=[-0.000,0.0521,0.0179,0.0004,0.0681,...]
SCALAR_ADD     0.007       [1,2,16,64]          values=[-0.152,-0.004,-0.001,0.0070,0.0036,...] weights=[-0.000,0.0521,0.0179,0.0004,0.0681,...]
RESHAPE        0.000       [2,1024]             values=[-0.152,-0.004,-0.001,0.0070,0.0036,...]
MATMUL         0.875       [2,1024]             values=[0.0006,0.0154,0.0121,-0.008,-0.013,...] weights=[0.0048,0.0178,-0.007,0.0258,-0.047,...]
ADD            0.002       [2,1024]             values=[-0.051,0.0212,0.0328,0.0172,-0.029,...]
ROPE           0.002       [2,1024]             values=[-0.035,0.0124,0.0220,0.0115,-0.020,...] weights=[0.3730,0.3222,0.3691,0.3691,0.3847,...]
MATMUL         4.034       [2,4608]             values=[0.3309,0.5807,0.0935,-0.315,-0.336,...] weights=[0.0327,-0.003,0.0139,-0.013,0.0048,...]
MATMUL         3.978       [2,4608]             values=[0.3063,0.2040,-0.229,0.2305,-0.236,...] weights=[-0.026,-0.013,0.0094,0.0208,0.0040,...]
SAMPLE         0.081       [2,4608]             values=[0.1926,0.3723,0.0489,-0.133,-0.140,...]
MULTIPLY       0.004       [2,4608]             values=[0.0590,0.0759,-0.011,-0.030,0.0331,...]
MATMUL         2.466       [2,1024]             values=[0.1091,-0.014,0.1474,-0.080,-0.066,...] weights=[-0.007,0.0385,-0.033,-0.004,-0.018,...]
ADD            0.002       [2,1024]             values=[0.0571,0.0068,0.1803,-0.063,-0.096,...]
ROPE           0.002       [2,1024]             values=[0.0884,0.0101,0.2727,-0.100,-0.160,...] weights=[0.4453,0.4277,0.4355,0.4570,0.4785,...]
MATMUL         2.641       [2,3072]             values=[-0.133,-0.462,0.4167,0.2177,0.1357,...] weights=[-0.002,0.0025,0.0133,0.0712,0.0252,...]
RESHAPE        0.002       [2,3,1024]           values=[-0.133,-0.462,0.4167,0.2177,0.1357,...]
GATHER         0.000       [2,1,1024]          
GATHER         0.000       [2,1,1024]          
GATHER         0.000       [2,1,1024]          
RESHAPE        0.000       [2,1024]             values=[-0.133,-0.462,0.4167,0.2177,0.1357,...]
RESHAPE        0.000       [2,1024]             values=[0.0526,-0.749,0.2922,0.6401,0.3941,...]
RESHAPE        0.000       [2,1024]             values=[-1.264,0.0333,-0.146,-0.005,-0.205,...]
MULTIPLY       0.001       [2,1024]             values=[0.1689,-0.015,-0.060,-0.001,-0.027,...]
GATHER         0.000       [1,1,3]             
RESHAPE        0.000       [3]                  values=[0.0020,0.0095,0.1943]
RESHAPE        0.000       [1,2,1024]           values=[0.1689,-0.015,-0.060,-0.001,-0.027,...]
GATHER         0.000       [1,2,1024]          
SCALAR_SUBTRACT0.008       [1,2,1024]           values=[0.0328,0.0013,0.0152,0.0002,-0.004,...]
RESHAPE        0.001       [2,1024]             values=[0.0328,0.0013,0.0152,0.0002,-0.004,...]
MULTIPLY       0.001       [2,1024]             values=[0.0017,-0.000,0.0044,0.0001,-0.001,...]
MATMUL         0.896       [2,1024]             values=[-0.042,0.0170,-0.097,-0.042,-0.073,...] weights=[0.0213,0.0693,-0.005,-0.012,0.0175,...]
ADD            0.002       [2,1024]             values=[0.0143,0.0238,0.0832,-0.105,-0.169,...]
ROPE           0.002       [2,1024]             values=[0.0354,0.0538,0.2009,-0.269,-0.432,...] weights=[0.3828,0.3496,0.3730,0.3945,0.3945,...]
MATMUL         3.937       [2,4608]             values=[0.3515,0.9791,0.1018,-0.055,0.1972,...] weights=[0.0197,0.0125,-0.017,0.0241,-0.034,...]
MATMUL         3.940       [2,4608]             values=[-0.370,-0.016,0.0735,0.0896,-0.103,...] weights=[0.0115,0.0118,-0.026,-0.036,-0.033,...]
SAMPLE         0.081       [2,4608]             values=[0.2063,0.7118,0.0535,-0.027,0.1082,...]
MULTIPLY       0.004       [2,4608]             values=[-0.076,-0.011,0.0039,-0.002,-0.011,...]
MATMUL         2.488       [2,1024]             values=[-0.129,-0.292,-0.026,0.1299,0.0813,...] weights=[-0.031,0.0111,-0.019,-0.016,0.0038,...]
ADD            0.002       [2,1024]             values=[-0.115,-0.268,0.0565,0.0242,-0.088,...]
ROPE           0.002       [2,1024]             values=[-1.711,-3.845,0.8879,0.3731,-1.254,...] weights=[2.9843,2.8750,3.1562,3.0937,2.8593,...]
------------------------------------------------------------
Total execution time: 237.059 ms
================================
