=== Graph Execution Profile ===
Operation      Time (ms)   Output Shape        Backend
------------------------------------------------------------
IM2COL         2.673       [1,102400,27]        values=[0.0000,0.0000,0.0000,0.0000,0.6738,...]
RESHAPE        0.004       [16,27]              values=[-2.751,-0.387,3.5664,-6.968,-0.916,...]
MATMUL_ND      5.028       [1,102400,16]        values=[21.015,0.3203,-23.34,15.656,-22.53,...]
ADD            15.352      [1,102400,16]        values=[22.890,1.9365,-21.53,22.906,-19.20,...]
RESHAPE        0.919       [1,320,320,16]       values=[22.890,1.9365,-21.53,22.906,-19.20,...]
TRANSPOSE      5.352       [1,16,320,320]       values=[22.890,1.5029,1.5029,1.4833,1.5302,...]
SIGMOID        1.126       [1,16,320,320]       values=[1.0000,0.8178,0.8178,0.8149,0.8222,...]
MULTIPLY       1.661       [1,16,320,320]       values=[22.890,1.2294,1.2294,1.2089,1.2578,...]
IM2COL         3.565       [1,25600,144]        values=[0.0000,0.0000,0.0000,0.0000,22.890,...]
RESHAPE        0.005       [32,144]             values=[0.0099,0.0940,0.0476,0.0452,-0.110,...]
MATMUL_ND      4.326       [1,25600,32]         values=[-4.011,27.390,19.343,-2.761,-14.50,...]
ADD            7.510       [1,25600,32]         values=[-0.582,29.078,16.578,-3.773,-12.28,...]
RESHAPE        0.315       [1,160,160,32]       values=[-0.582,29.078,16.578,-3.773,-12.28,...]
TRANSPOSE      1.978       [1,32,160,160]       values=[-0.582,0.7871,0.7382,0.8085,0.9355,...]
SIGMOID        0.497       [1,32,160,160]       values=[0.3583,0.6870,0.6767,0.6918,0.7182,...]
MULTIPLY       0.638       [1,32,160,160]       values=[-0.208,0.5405,0.4997,0.5595,0.6718,...]
IM2COL         1.567       [1,25600,32]         values=[-0.208,29.078,16.578,-0.084,-0.000,...]
RESHAPE        0.002       [32,32]              values=[0.0193,0.3801,0.1696,0.0635,0.0681,...]
MATMUL_ND      2.314       [1,25600,32]         values=[14.421,-4.417,-9.914,2.2812,-8.429,...]
ADD            7.437       [1,25600,32]         values=[17.578,-0.066,-4.312,4.8906,-10.53,...]
RESHAPE        0.301       [1,160,160,32]       values=[17.578,-0.066,-4.312,4.8906,-10.53,...]
TRANSPOSE      2.158       [1,32,160,160]       values=[17.578,14.398,14.820,15.046,15.218,...]
SIGMOID        0.514       [1,32,160,160]       values=[1.0000,1.0000,1.0000,1.0000,1.0000,...]
MULTIPLY       0.730       [1,32,160,160]       values=[17.578,14.398,14.820,15.046,15.218,...]
SLICE          0.162       [1,16,160,160]       values=[17.578,14.398,14.820,15.046,15.218,...]
SLICE          0.154       [1,16,160,160]       values=[0.0819,0.5385,0.5952,0.3530,0.2479,...]
IM2COL         2.949       [1,25600,144]        values=[0.0000,0.0000,0.0000,0.0000,0.0819,...]
RESHAPE        0.004       [8,144]              values=[-0.002,0.0088,0.0028,-0.003,0.0842,...]
MATMUL_ND      1.403       [1,25600,8]          values=[0.6762,-1.955,-1.105,-3.650,0.1149,...]
ADD            1.857       [1,25600,8]          values=[1.4619,-0.547,-1.429,-3.945,1.4902,...]
RESHAPE        0.059       [1,160,160,8]        values=[1.4619,-0.547,-1.429,-3.945,1.4902,...]
TRANSPOSE      0.534       [1,8,160,160]        values=[1.4619,1.4062,1.3710,1.3496,1.3300,...]
SIGMOID        0.151       [1,8,160,160]        values=[0.8120,0.8032,0.7973,0.7939,0.7910,...]
MULTIPLY       0.147       [1,8,160,160]        values=[1.1875,1.1298,1.0927,1.0712,1.0517,...]
IM2COL         1.473       [1,25600,72]         values=[0.0000,0.0000,0.0000,0.0000,1.1875,...]
RESHAPE        0.003       [16,72]              values=[-0.047,1.5146,-1.135,-0.109,3.3066,...]
MATMUL_ND      1.871       [1,25600,16]         values=[-3.574,0.3203,1.0673,-5.218,11.539,...]
ADD            3.993       [1,25600,16]         values=[-4.355,-3.882,-9.906,-6.648,6.8867,...]
RESHAPE        0.194       [1,160,160,16]       values=[-4.355,-3.882,-9.906,-6.648,6.8867,...]
TRANSPOSE      1.014       [1,16,160,160]       values=[-4.355,0.8842,2.4824,1.3066,1.4980,...]
SIGMOID        0.429       [1,16,160,160]       values=[0.0126,0.7075,0.9228,0.7871,0.8173,...]
MULTIPLY       0.472       [1,16,160,160]       values=[-0.055,0.6254,2.2910,1.0283,1.2246,...]
ADD            0.533       [1,16,160,160]       values=[0.0267,1.1640,2.8867,1.3808,1.4726,...]
CONCAT         0.324       [1,32,160,160]       values=[17.578,14.398,14.820,15.046,15.218,...] weights=[0.0819,0.5385,0.5952,0.3530,0.2479,...]
CONCAT         0.429       [1,48,160,160]       values=[17.578,14.398,14.820,15.046,15.218,...] weights=[0.0267,1.1640,2.8867,1.3808,1.4726,...]
IM2COL         3.754       [1,25600,48]         values=[17.578,-0.032,-0.057,4.8554,-0.000,...]
RESHAPE        0.004       [64,48]              values=[0.0781,0.0118,0.0192,-0.008,0.0075,...]
MATMUL_ND      5.076       [1,25600,64]         values=[0.1729,-10.57,-10.12,-0.436,17.828,...]
ADD            14.701      [1,25600,64]         values=[5.3242,-8.148,-5.964,0.0590,7.7265,...]
RESHAPE        0.743       [1,160,160,64]       values=[5.3242,-8.148,-5.964,0.0590,7.7265,...]
TRANSPOSE      5.289       [1,64,160,160]       values=[5.3242,7.3398,6.4609,6.2265,6.1093,...]
SIGMOID        1.710       [1,64,160,160]       values=[0.9951,0.9995,0.9985,0.9980,0.9975,...]
MULTIPLY       1.850       [1,64,160,160]       values=[5.2968,7.3359,6.4531,6.2148,6.0937,...]
IM2COL         10.344      [1,6400,576]         values=[0.0000,0.0000,0.0000,0.0000,5.2968,...]
RESHAPE        0.026       [64,576]             values=[0.0018,-0.022,0.0137,-0.003,-0.024,...]
MATMUL_ND      12.010      [1,6400,64]          values=[2.4511,-0.362,-0.372,-0.848,-2.931,...]
ADD            3.687       [1,6400,64]          values=[3.7578,0.8994,0.1752,-0.742,-2.066,...]
RESHAPE        0.147       [1,80,80,64]         values=[3.7578,0.8994,0.1752,-0.742,-2.066,...]
TRANSPOSE      1.096       [1,64,80,80]         values=[3.7578,2.1660,2.1445,2.1289,2.1855,...]
SIGMOID        0.282       [1,64,80,80]         values=[0.9770,0.8969,0.8950,0.8935,0.8989,...]
MULTIPLY       0.337       [1,64,80,80]         values=[3.6718,1.9423,1.9189,1.9023,1.9648,...]
IM2COL         2.287       [1,6400,64]          values=[3.6718,0.6396,0.0953,-0.239,-0.232,...]
RESHAPE        0.002       [64,64]              values=[-0.049,-0.157,0.0037,0.0609,0.0110,...]
MATMUL_ND      2.748       [1,6400,64]          values=[-0.210,-0.588,0.1138,-0.025,-2.714,...]
ADD            3.666       [1,6400,64]          values=[2.9238,0.1684,1.1660,0.6040,-2.511,...]
RESHAPE        0.152       [1,80,80,64]         values=[2.9238,0.1684,1.1660,0.6040,-2.511,...]
TRANSPOSE      1.990       [1,64,80,80]         values=[2.9238,1.9580,1.8613,1.8330,1.7958,...]
SIGMOID        0.439       [1,64,80,80]         values=[0.9492,0.8764,0.8652,0.8623,0.8574,...]
MULTIPLY       0.290       [1,64,80,80]         values=[2.7753,1.7158,1.6103,1.5810,1.5400,...]
SLICE          0.093       [1,32,80,80]         values=[2.7753,1.7158,1.6103,1.5810,1.5400,...]
SLICE          0.084       [1,32,80,80]         values=[-0.235,-0.038,-0.068,-0.032,0.0136,...]
IM2COL         5.158       [1,6400,288]         values=[0.0000,0.0000,0.0000,0.0000,-0.235,...]
RESHAPE        0.005       [16,288]             values=[0.0040,0.0146,-0.014,-0.061,-0.001,...]
MATMUL_ND      1.871       [1,6400,16]          values=[-0.519,-0.671,-1.933,0.3281,-0.553,...]
ADD            0.948       [1,6400,16]          values=[0.9833,1.1562,0.4921,2.1953,0.4072,...]
RESHAPE        0.034       [1,80,80,16]         values=[0.9833,1.1562,0.4921,2.1953,0.4072,...]
TRANSPOSE      0.493       [1,16,80,80]         values=[0.9833,2.0078,1.2109,0.9931,0.8876,...]
SIGMOID        0.118       [1,16,80,80]         values=[0.7275,0.8818,0.7705,0.7294,0.7084,...]
MULTIPLY       0.052       [1,16,80,80]         values=[0.7153,1.7705,0.9331,0.7246,0.6289,...]
IM2COL         2.297       [1,6400,144]         values=[0.0000,0.0000,0.0000,0.0000,0.7153,...]
RESHAPE        0.004       [32,144]             values=[-0.053,0.0247,-0.027,-0.037,0.0080,...]
MATMUL_ND      2.073       [1,6400,32]          values=[0.6455,1.2460,-0.075,2.7812,-0.263,...]
ADD            1.864       [1,6400,32]          values=[1.2636,3.2265,0.7436,1.3496,0.7216,...]
RESHAPE        0.096       [1,80,80,32]         values=[1.2636,3.2265,0.7436,1.3496,0.7216,...]
TRANSPOSE      0.980       [1,32,80,80]         values=[1.2636,1.5078,1.4619,1.3964,1.3896,...]
SIGMOID        0.224       [1,32,80,80]         values=[0.7797,0.8188,0.8120,0.8017,0.8002,...]
MULTIPLY       0.148       [1,32,80,80]         values=[0.9853,1.2343,1.1875,1.1201,1.1123,...]
ADD            0.172       [1,32,80,80]         values=[0.7500,1.1962,1.1191,1.0878,1.1259,...]
CONCAT         0.196       [1,64,80,80]         values=[2.7753,1.7158,1.6103,1.5810,1.5400,...] weights=[-0.235,-0.038,-0.068,-0.032,0.0136,...]
CONCAT         0.235       [1,96,80,80]         values=[2.7753,1.7158,1.6103,1.5810,1.5400,...] weights=[0.7500,1.1962,1.1191,1.0878,1.1259,...]
IM2COL         3.375       [1,6400,96]          values=[2.7753,0.0913,0.8886,0.3903,-0.188,...]
RESHAPE        0.007       [128,96]             values=[0.1264,-0.003,-0.090,-0.011,-0.008,...]
MATMUL_ND      6.483       [1,6400,128]         values=[-5.312,-1.291,0.5205,-0.815,-1.171,...]
ADD            7.257       [1,6400,128]         values=[-1.000,-0.973,-0.389,-0.238,-1.391,...]
RESHAPE        0.285       [1,80,80,128]        values=[-1.000,-0.973,-0.389,-0.238,-1.391,...]
TRANSPOSE      2.728       [1,128,80,80]        values=[-1.000,-0.597,-0.914,-0.769,-0.632,...]
SIGMOID        0.514       [1,128,80,80]        values=[0.2690,0.3549,0.2861,0.3166,0.3469,...]
MULTIPLY       0.683       [1,128,80,80]        values=[-0.269,-0.212,-0.261,-0.243,-0.219,...]
IM2COL         4.606       [1,1600,1152]        values=[0.0000,0.0000,0.0000,0.0000,-0.269,...]
RESHAPE        0.108       [128,1152]           values=[-0.004,0.0111,-0.013,0.0535,0.0457,...]
MATMUL_ND      10.902      [1,1600,128]         values=[1.0136,1.5878,0.9560,0.7309,0.1013,...]
ADD            1.822       [1,1600,128]         values=[-0.368,-0.270,-1.186,0.5117,-0.983,...]
RESHAPE        0.085       [1,40,40,128]        values=[-0.368,-0.270,-1.186,0.5117,-0.983,...]
TRANSPOSE      0.542       [1,128,40,40]        values=[-0.368,-1.166,-1.247,-0.999,-0.929,...]
SIGMOID        0.150       [1,128,40,40]        values=[0.4089,0.2374,0.2232,0.2690,0.2832,...]
MULTIPLY       0.119       [1,128,40,40]        values=[-0.150,-0.277,-0.278,-0.268,-0.263,...]
IM2COL         0.980       [1,1600,128]         values=[-0.150,-0.117,-0.277,0.3198,-0.267,...]
RESHAPE        0.008       [128,128]            values=[0.0160,-0.037,-0.130,0.1685,0.0657,...]
MATMUL_ND      1.895       [1,1600,128]         values=[0.8017,2.5019,0.2814,0.7143,0.9609,...]
ADD            1.811       [1,1600,128]         values=[2.3027,1.6914,-0.915,-0.442,-0.079,...]
RESHAPE        0.058       [1,40,40,128]        values=[2.3027,1.6914,-0.915,-0.442,-0.079,...]
TRANSPOSE      1.067       [1,128,40,40]        values=[2.3027,1.7138,1.3535,1.3945,1.2705,...]
SIGMOID        0.161       [1,128,40,40]        values=[0.9091,0.8471,0.7949,0.8012,0.7807,...]
MULTIPLY       0.154       [1,128,40,40]        values=[2.0937,1.4521,1.0761,1.1171,0.9921,...]
SLICE          0.056       [1,64,40,40]         values=[2.0937,1.4521,1.0761,1.1171,0.9921,...]
SLICE          0.047       [1,64,40,40]         values=[-0.227,-0.167,-0.179,-0.146,-0.154,...]
IM2COL         0.506       [1,1600,64]          values=[-0.227,-0.202,-0.276,-0.075,0.6762,...]
RESHAPE        0.001       [32,64]              values=[-0.030,0.1416,0.4389,-0.242,-0.008,...]
MATMUL_ND      0.351       [1,1600,32]          values=[0.1326,0.7758,0.7617,-0.160,0.6499,...]
ADD            0.463       [1,1600,32]          values=[0.3725,0.5488,0.9697,0.7607,0.6469,...]
RESHAPE        0.021       [1,40,40,32]         values=[0.3725,0.5488,0.9697,0.7607,0.6469,...]
TRANSPOSE      0.164       [1,32,40,40]         values=[0.3725,-0.157,-0.457,-0.495,-0.562,...]
IM2COL         0.490       [1,1600,64]          values=[-0.227,-0.202,-0.276,-0.075,0.6762,...]
RESHAPE        0.001       [32,64]              values=[0.0751,0.1427,0.0813,0.0035,-0.087,...]
MATMUL_ND      0.350       [1,1600,32]          values=[-2.306,-0.473,-0.375,1.9951,-0.670,...]
ADD            0.464       [1,1600,32]          values=[-1.512,-0.467,-1.688,0.5634,-1.425,...]
RESHAPE        0.012       [1,40,40,32]         values=[-1.512,-0.467,-1.688,0.5634,-1.425,...]
TRANSPOSE      0.170       [1,32,40,40]         values=[-1.512,-0.362,-0.248,-0.250,-0.161,...]
SIGMOID        0.067       [1,32,40,40]         values=[0.5922,0.4606,0.3876,0.3786,0.3627,...]
SIGMOID        0.059       [1,32,40,40]         values=[0.1805,0.4104,0.4382,0.4377,0.4597,...]
MULTIPLY       0.026       [1,32,40,40]         values=[0.2207,-0.072,-0.177,-0.187,-0.204,...]
MULTIPLY       0.033       [1,32,40,40]         values=[-0.273,-0.148,-0.108,-0.109,-0.074,...]
IM2COL         1.180       [1,1600,288]         values=[0.0000,0.0000,0.0000,0.0000,0.2207,...]
RESHAPE        0.005       [32,288]             values=[0.0440,-0.184,-0.284,0.1024,-0.287,...]
MATMUL_ND      0.871       [1,1600,32]          values=[-0.426,-2.019,0.5302,-1.086,1.1328,...]
ADD            0.464       [1,1600,32]          values=[-1.449,-1.111,0.2143,-1.116,1.0419,...]
RESHAPE        0.024       [1,40,40,32]         values=[-1.449,-1.111,0.2143,-1.116,1.0419,...]
TRANSPOSE      0.254       [1,32,40,40]         values=[-1.449,-1.527,-1.673,-2.074,-2.042,...]
SIGMOID        0.064       [1,32,40,40]         values=[0.1900,0.1783,0.1579,0.1116,0.1147,...]
MULTIPLY       0.030       [1,32,40,40]         values=[-0.275,-0.272,-0.264,-0.231,-0.234,...]
IM2COL         1.131       [1,1600,288]         values=[0.0000,0.0000,0.0000,0.0000,-0.275,...]
RESHAPE        0.004       [32,288]             values=[-0.055,-0.006,0.0396,-0.036,-0.099,...]
MATMUL_ND      0.926       [1,1600,32]          values=[-0.408,0.2148,0.7099,-0.062,0.2685,...]
ADD            0.465       [1,1600,32]          values=[0.7124,-0.187,0.9907,0.9052,1.8017,...]
RESHAPE        0.022       [1,40,40,32]         values=[0.7124,-0.187,0.9907,0.9052,1.8017,...]
TRANSPOSE      0.254       [1,32,40,40]         values=[0.7124,0.6079,0.7275,0.9057,0.8183,...]
SIGMOID        0.064       [1,32,40,40]         values=[0.6708,0.6474,0.6743,0.7119,0.6938,...]
MULTIPLY       0.029       [1,32,40,40]         values=[0.4780,0.3935,0.4904,0.6450,0.5678,...]
ADD            0.041       [1,32,40,40]         values=[0.6987,0.3208,0.3129,0.4575,0.3637,...]
IM2COL         1.144       [1,1600,288]         values=[0.0000,0.0000,0.0000,0.0000,0.6987,...]
RESHAPE        0.003       [32,288]             values=[0.0324,-0.003,-0.062,-0.005,-0.166,...]
MATMUL_ND      0.877       [1,1600,32]          values=[-1.474,-1.527,-0.722,0.1385,-0.402,...]
ADD            0.472       [1,1600,32]          values=[-0.580,-1.807,-0.799,-0.474,0.4462,...]
RESHAPE        0.017       [1,40,40,32]         values=[-0.580,-1.807,-0.799,-0.474,0.4462,...]
TRANSPOSE      0.251       [1,32,40,40]         values=[-0.580,-0.062,0.1665,0.1728,0.0913,...]
SIGMOID        0.064       [1,32,40,40]         values=[0.3588,0.4843,0.5415,0.5429,0.5229,...]
MULTIPLY       0.031       [1,32,40,40]         values=[-0.208,-0.030,0.0901,0.0938,0.0477,...]
IM2COL         1.186       [1,1600,288]         values=[0.0000,0.0000,0.0000,0.0000,-0.208,...]
RESHAPE        0.005       [32,288]             values=[0.0299,0.2141,-0.020,-0.066,0.2844,...]
MATMUL_ND      0.842       [1,1600,32]          values=[1.6865,0.3879,-0.093,0.0104,0.2386,...]
ADD            0.464       [1,1600,32]          values=[0.7026,2.2441,-0.604,2.0039,1.0341,...]
RESHAPE        0.010       [1,40,40,32]         values=[0.7026,2.2441,-0.604,2.0039,1.0341,...]
TRANSPOSE      0.255       [1,32,40,40]         values=[0.7026,0.7104,1.4394,1.5410,1.2636,...]
SIGMOID        0.063       [1,32,40,40]         values=[0.6689,0.6704,0.8085,0.8237,0.7797,...]
MULTIPLY       0.036       [1,32,40,40]         values=[0.4699,0.4763,1.1640,1.2695,0.9853,...]
ADD            0.046       [1,32,40,40]         values=[1.1689,0.7968,1.4765,1.7265,1.3496,...]
CONCAT         0.050       [1,64,40,40]         values=[1.1689,0.7968,1.4765,1.7265,1.3496,...] weights=[-0.273,-0.148,-0.108,-0.109,-0.074,...]
IM2COL         0.520       [1,1600,64]          values=[1.1689,2.2929,1.2119,2.9296,2.7343,...]
RESHAPE        0.002       [64,64]              values=[0.3615,-0.213,0.0971,0.2055,0.3269,...]
MATMUL_ND      0.683       [1,1600,64]          values=[0.8193,-0.217,0.4069,1.9316,2.1152,...]
ADD            0.911       [1,1600,64]          values=[-0.602,-0.788,1.1152,1.4667,-0.527,...]
RESHAPE        0.050       [1,40,40,64]         values=[-0.602,-0.788,1.1152,1.4667,-0.527,...]
TRANSPOSE      0.515       [1,64,40,40]         values=[-0.602,0.3144,0.5087,0.3076,-0.310,...]
SIGMOID        0.118       [1,64,40,40]         values=[0.3537,0.5781,0.6245,0.5761,0.4230,...]
MULTIPLY       0.086       [1,64,40,40]         values=[-0.213,0.1817,0.3176,0.1772,-0.131,...]
CONCAT         0.106       [1,128,40,40]        values=[2.0937,1.4521,1.0761,1.1171,0.9921,...] weights=[-0.227,-0.167,-0.179,-0.146,-0.154,...]
CONCAT         0.136       [1,192,40,40]        values=[2.0937,1.4521,1.0761,1.1171,0.9921,...] weights=[-0.213,0.1817,0.3176,0.1772,-0.131,...]
IM2COL         1.499       [1,1600,192]         values=[2.0937,1.4277,-0.261,-0.173,-0.037,...]
RESHAPE        0.014       [128,192]            values=[0.0294,-0.006,-0.064,0.0349,-0.053,...]
MATMUL_ND      2.512       [1,1600,128]         values=[0.5415,-0.552,-0.358,-0.066,-0.746,...]
ADD            1.820       [1,1600,128]         values=[-0.013,-0.208,-1.723,-0.018,-0.494,...]
RESHAPE        0.055       [1,40,40,128]        values=[-0.013,-0.208,-1.723,-0.018,-0.494,...]
TRANSPOSE      1.004       [1,128,40,40]        values=[-0.013,-0.068,0.0986,0.2070,0.0917,...]
SIGMOID        0.225       [1,128,40,40]        values=[0.4965,0.4829,0.5244,0.5517,0.5229,...]
MULTIPLY       0.144       [1,128,40,40]        values=[-0.006,-0.033,0.0517,0.1142,0.0480,...]
IM2COL         1.155       [1,400,1152]         values=[0.0000,0.0000,0.0000,0.0000,-0.006,...]
RESHAPE        0.155       [256,1152]           values=[-0.027,0.0412,0.0156,0.0155,0.0034,...]
MATMUL_ND      5.629       [1,400,256]          values=[-1.111,0.8613,-0.450,-0.228,0.7675,...]
ADD            0.904       [1,400,256]          values=[-0.289,1.0644,-0.914,-0.693,-0.009,...]
RESHAPE        0.037       [1,20,20,256]        values=[-0.289,1.0644,-0.914,-0.693,-0.009,...]
TRANSPOSE      0.510       [1,256,20,20]        values=[-0.289,-1.900,-1.716,-1.613,-1.755,...]
SIGMOID        0.118       [1,256,20,20]        values=[0.4282,0.1301,0.1523,0.1661,0.1473,...]
MULTIPLY       0.073       [1,256,20,20]        values=[-0.123,-0.247,-0.261,-0.268,-0.258,...]
IM2COL         0.581       [1,400,256]          values=[-0.123,0.7915,-0.261,-0.231,-0.004,...]
RESHAPE        0.036       [256,256]            values=[0.0445,0.2587,-0.111,0.0064,-0.050,...]
MATMUL_ND      1.561       [1,400,256]          values=[-0.803,1.1005,-0.032,-1.871,0.6430,...]
ADD            0.901       [1,400,256]          values=[-1.538,0.3662,-0.181,-1.974,-0.806,...]
RESHAPE        0.049       [1,20,20,256]        values=[-1.538,0.3662,-0.181,-1.974,-0.806,...]
TRANSPOSE      0.512       [1,256,20,20]        values=[-1.538,-1.744,-1.975,-1.893,-2.037,...]
SIGMOID        0.117       [1,256,20,20]        values=[0.1767,0.1488,0.1217,0.1308,0.1153,...]
MULTIPLY       0.059       [1,256,20,20]        values=[-0.271,-0.259,-0.240,-0.247,-0.234,...]
SLICE          0.020       [1,128,20,20]        values=[-0.271,-0.259,-0.240,-0.247,-0.234,...]
SLICE          0.020       [1,128,20,20]        values=[0.7617,0.1146,-0.095,-0.106,-0.106,...]
IM2COL         0.297       [1,400,128]          values=[0.7617,-0.278,-0.278,-0.275,-0.211,...]
RESHAPE        0.003       [64,128]             values=[-0.103,0.0928,-0.060,-0.039,-0.105,...]
MATMUL_ND      0.239       [1,400,64]           values=[-0.479,0.7451,1.0585,0.8505,-0.040,...]
ADD            0.229       [1,400,64]           values=[-1.053,1.4824,0.1616,0.6289,0.1033,...]
RESHAPE        0.011       [1,20,20,64]         values=[-1.053,1.4824,0.1616,0.6289,0.1033,...]
TRANSPOSE      0.138       [1,64,20,20]         values=[-1.053,-0.394,-0.189,-0.329,-0.096,...]
IM2COL         0.254       [1,400,128]          values=[0.7617,-0.278,-0.278,-0.275,-0.211,...]
RESHAPE        0.003       [64,128]             values=[-0.188,-0.230,0.0106,-0.279,0.1258,...]
MATMUL_ND      0.239       [1,400,64]           values=[2.4160,2.2539,0.1977,-0.007,0.0452,...]
ADD            0.228       [1,400,64]           values=[1.8066,2.2226,-0.295,-0.143,-0.889,...]
RESHAPE        0.004       [1,20,20,64]         values=[1.8066,2.2226,-0.295,-0.143,-0.889,...]
TRANSPOSE      0.131       [1,64,20,20]         values=[1.8066,0.6674,0.6069,0.8481,0.5053,...]
SIGMOID        0.037       [1,64,20,20]         values=[0.2585,0.4028,0.4528,0.4184,0.4758,...]
SIGMOID        0.036       [1,64,20,20]         values=[0.8588,0.6611,0.6474,0.7001,0.6235,...]
MULTIPLY       0.022       [1,64,20,20]         values=[-0.272,-0.158,-0.085,-0.137,-0.045,...]
MULTIPLY       0.015       [1,64,20,20]         values=[1.5517,0.4414,0.3930,0.5937,0.3151,...]
IM2COL         0.561       [1,400,576]          values=[0.0000,0.0000,0.0000,0.0000,-0.272,...]
RESHAPE        0.020       [64,576]             values=[-0.053,-0.001,0.0042,-0.054,-0.084,...]
MATMUL_ND      0.793       [1,400,64]           values=[-1.044,-1.215,-1.508,-0.068,-0.026,...]
ADD            0.229       [1,400,64]           values=[-0.425,-0.455,-2.117,-0.876,0.1569,...]
RESHAPE        0.011       [1,20,20,64]         values=[-0.425,-0.455,-2.117,-0.876,0.1569,...]
TRANSPOSE      0.135       [1,64,20,20]         values=[-0.425,0.2197,0.5766,0.8632,1.1357,...]
SIGMOID        0.036       [1,64,20,20]         values=[0.3952,0.5546,0.6401,0.7031,0.7568,...]
MULTIPLY       0.016       [1,64,20,20]         values=[-0.168,0.1218,0.3691,0.6069,0.8593,...]
IM2COL         0.560       [1,400,576]          values=[0.0000,0.0000,0.0000,0.0000,-0.168,...]
RESHAPE        0.019       [64,576]             values=[0.0770,0.0174,-0.062,0.0368,0.0548,...]
MATMUL_ND      0.796       [1,400,64]           values=[0.4118,-0.214,0.1715,-0.684,-1.081,...]
ADD            0.229       [1,400,64]           values=[0.0666,1.4941,0.4936,-1.110,-1.169,...]
RESHAPE        0.009       [1,20,20,64]         values=[0.0666,1.4941,0.4936,-1.110,-1.169,...]
TRANSPOSE      0.133       [1,64,20,20]         values=[0.0666,0.2753,0.1430,0.1015,0.1506,...]
SIGMOID        0.038       [1,64,20,20]         values=[0.5166,0.5683,0.5356,0.5253,0.5375,...]
MULTIPLY       0.017       [1,64,20,20]         values=[0.0344,0.1564,0.0766,0.0533,0.0809,...]
ADD            0.018       [1,64,20,20]         values=[-0.238,-0.002,-0.009,-0.084,0.0350,...]
IM2COL         0.568       [1,400,576]          values=[0.0000,0.0000,0.0000,0.0000,-0.238,...]
RESHAPE        0.020       [64,576]             values=[-0.006,-0.030,0.0238,0.0179,-0.010,...]
MATMUL_ND      0.736       [1,400,64]           values=[0.4353,-0.713,-0.419,-1.715,-1.529,...]
ADD            0.229       [1,400,64]           values=[0.4296,-0.632,-0.099,-1.767,-1.123,...]
RESHAPE        0.008       [1,20,20,64]         values=[0.4296,-0.632,-0.099,-1.767,-1.123,...]
TRANSPOSE      0.132       [1,64,20,20]         values=[0.4296,0.3571,0.5795,0.4411,0.5024,...]
SIGMOID        0.037       [1,64,20,20]         values=[0.6059,0.5883,0.6411,0.6083,0.6230,...]
MULTIPLY       0.013       [1,64,20,20]         values=[0.2602,0.2102,0.3715,0.2683,0.3129,...]
IM2COL         0.573       [1,400,576]          values=[0.0000,0.0000,0.0000,0.0000,0.2602,...]
RESHAPE        0.024       [64,576]             values=[0.0124,0.0132,0.0233,-0.028,-0.032,...]
MATMUL_ND      0.739       [1,400,64]           values=[-0.345,-0.022,-0.008,-0.391,0.1165,...]
ADD            0.236       [1,400,64]           values=[1.1757,1.3134,0.3823,-0.882,1.3007,...]
RESHAPE        0.008       [1,20,20,64]         values=[1.1757,1.3134,0.3823,-0.882,1.3007,...]
TRANSPOSE      0.134       [1,64,20,20]         values=[1.1757,0.9370,1.2871,1.7753,2.0761,...]
SIGMOID        0.037       [1,64,20,20]         values=[0.7641,0.7182,0.7836,0.8549,0.8886,...]
MULTIPLY       0.020       [1,64,20,20]         values=[0.8984,0.6728,1.0087,1.5175,1.8447,...]
ADD            0.022       [1,64,20,20]         values=[0.6601,0.6708,1.0000,1.4335,1.8798,...]
CONCAT         0.026       [1,128,20,20]        values=[0.6601,0.6708,1.0000,1.4335,1.8798,...] weights=[1.5517,0.4414,0.3930,0.5937,0.3151,...]
IM2COL         0.296       [1,400,128]          values=[0.6601,3.4648,0.6210,-0.123,0.7998,...]
RESHAPE        0.009       [128,128]            values=[-0.075,0.0147,-0.021,-0.027,-0.047,...]
MATMUL_ND      0.475       [1,400,128]          values=[-0.657,-0.666,-1.935,1.3310,2.1210,...]
ADD            0.453       [1,400,128]          values=[-0.850,0.4477,-1.313,-0.345,1.3447,...]
RESHAPE        0.012       [1,20,20,128]        values=[-0.850,0.4477,-1.313,-0.345,1.3447,...]
TRANSPOSE      0.260       [1,128,20,20]        values=[-0.850,-0.733,-1.212,-1.509,-1.432,...]
SIGMOID        0.067       [1,128,20,20]        values=[0.2993,0.3244,0.2292,0.1810,0.1927,...]
MULTIPLY       0.042       [1,128,20,20]        values=[-0.254,-0.237,-0.278,-0.273,-0.276,...]
CONCAT         0.077       [1,256,20,20]        values=[-0.271,-0.259,-0.240,-0.247,-0.234,...] weights=[0.7617,0.1146,-0.095,-0.106,-0.106,...]
CONCAT         0.070       [1,384,20,20]        values=[-0.271,-0.259,-0.240,-0.247,-0.234,...] weights=[-0.254,-0.237,-0.278,-0.273,-0.276,...]
IM2COL         0.917       [1,400,384]          values=[-0.271,0.2161,-0.082,-0.240,-0.248,...]
RESHAPE        0.065       [256,384]            values=[-0.011,-0.062,0.0369,-0.009,0.0678,...]
MATMUL_ND      2.093       [1,400,256]          values=[0.9960,-0.326,0.8999,0.5815,0.2988,...]
ADD            0.902       [1,400,256]          values=[0.5478,-1.040,1.1718,0.1496,-0.212,...]
RESHAPE        0.043       [1,20,20,256]        values=[0.5478,-1.040,1.1718,0.1496,-0.212,...]
TRANSPOSE      0.505       [1,256,20,20]        values=[0.5478,1.0244,0.7841,0.7373,0.6337,...]
SIGMOID        0.115       [1,256,20,20]        values=[0.6337,0.7358,0.6865,0.6762,0.6533,...]
MULTIPLY       0.080       [1,256,20,20]        values=[0.3471,0.7539,0.5385,0.4985,0.4140,...]
IM2COL         0.578       [1,400,256]          values=[0.3471,-0.271,0.8950,0.0803,-0.094,...]
RESHAPE        0.020       [128,256]            values=[0.0120,-0.153,0.0709,0.1350,-0.053,...]
MATMUL_ND      0.774       [1,400,128]          values=[0.3981,-0.567,-0.580,1.5859,0.2266,...]
ADD            0.453       [1,400,128]          values=[3.2734,1.9199,1.5000,3.4375,3.3437,...]
RESHAPE        0.012       [1,20,20,128]        values=[3.2734,1.9199,1.5000,3.4375,3.3437,...]
TRANSPOSE      0.257       [1,128,20,20]        values=[3.2734,2.3710,2.1406,2.0566,2.1210,...]
SIGMOID        0.062       [1,128,20,20]        values=[0.9633,0.9145,0.8950,0.8867,0.8930,...]
MULTIPLY       0.034       [1,128,20,20]        values=[3.1542,2.1679,1.9160,1.8232,1.8945,...]
MAXPOOL        1.433       [1,128,20,20]        values=[3.3242,3.3242,3.3242,2.5820,2.7753,...]
MAXPOOL        1.438       [1,128,20,20]        values=[3.3242,3.4296,3.4296,3.4296,3.7519,...]
MAXPOOL        1.431       [1,128,20,20]        values=[4.2304,4.2304,4.2304,4.2695,4.2695,...]
CONCAT         0.040       [1,256,20,20]        values=[3.1542,2.1679,1.9160,1.8232,1.8945,...] weights=[3.3242,3.3242,3.3242,2.5820,2.7753,...]
CONCAT         0.065       [1,384,20,20]        values=[3.1542,2.1679,1.9160,1.8232,1.8945,...] weights=[3.3242,3.4296,3.4296,3.4296,3.7519,...]
CONCAT         0.089       [1,512,20,20]        values=[3.1542,2.1679,1.9160,1.8232,1.8945,...] weights=[4.2304,4.2304,4.2304,4.2695,4.2695,...]
IM2COL         1.204       [1,400,512]          values=[3.1542,1.6738,1.2265,3.3300,3.2285,...]
RESHAPE        0.070       [256,512]            values=[0.0421,0.1682,-0.090,0.0093,-0.022,...]
MATMUL_ND      2.647       [1,400,256]          values=[1.4179,-1.796,-0.287,-2.632,1.7871,...]
ADD            0.902       [1,400,256]          values=[-2.486,-0.587,-1.663,-3.695,0.0048,...]
RESHAPE        0.024       [1,20,20,256]        values=[-2.486,-0.587,-1.663,-3.695,0.0048,...]
TRANSPOSE      0.514       [1,256,20,20]        values=[-2.486,-2.453,-2.531,-2.447,-1.932,...]
SIGMOID        0.115       [1,256,20,20]        values=[0.0768,0.0792,0.0736,0.0796,0.1264,...]
MULTIPLY       0.072       [1,256,20,20]        values=[-0.191,-0.194,-0.186,-0.194,-0.244,...]
IM2COL         0.578       [1,400,256]          values=[-0.191,-0.209,-0.264,-0.089,0.0024,...]
RESHAPE        0.039       [256,256]            values=[-0.358,-0.619,-0.072,-0.574,0.4707,...]
MATMUL_ND      1.529       [1,400,256]          values=[0.3522,0.9365,0.8046,0.8613,2.0722,...]
ADD            0.902       [1,400,256]          values=[0.7880,-0.646,-1.359,-0.317,-1.031,...]
RESHAPE        0.047       [1,20,20,256]        values=[0.7880,-0.646,-1.359,-0.317,-1.031,...]
TRANSPOSE      0.515       [1,256,20,20]        values=[0.7880,0.9106,0.8906,1.2207,1.2675,...]
SIGMOID        0.120       [1,256,20,20]        values=[0.6875,0.7128,0.7089,0.7719,0.7802,...]
MULTIPLY       0.074       [1,256,20,20]        values=[0.5419,0.6494,0.6313,0.9423,0.9892,...]
SLICE          0.022       [1,128,20,20]        values=[0.5419,0.6494,0.6313,0.9423,0.9892,...]
SLICE          0.020       [1,128,20,20]        values=[0.3554,0.3688,0.2410,0.0039,-0.039,...]
IM2COL         0.297       [1,400,128]          values=[0.3554,0.6870,0.4118,0.3627,0.0426,...]
RESHAPE        0.017       [256,128]            values=[0.0625,0.1298,0.0324,0.1176,-0.078,...]
MATMUL_ND      0.959       [1,400,256]          values=[2.6269,-0.821,1.9492,-0.806,2.6464,...]
ADD            0.901       [1,400,256]          values=[2.4199,-1.674,1.8388,-0.583,2.0605,...]
RESHAPE        0.026       [1,20,20,256]        values=[2.4199,-1.674,1.8388,-0.583,2.0605,...]
TRANSPOSE      0.519       [1,256,20,20]        values=[2.4199,2.8691,2.9179,3.1132,3.1542,...]
RESHAPE        0.043       [1,2,128,400]        values=[2.4199,2.8691,2.9179,3.1132,3.1542,...]
SLICE          0.012       [1,2,32,400]         values=[2.4199,2.8691,2.9179,3.1132,3.1542,...]
SLICE          0.012       [1,2,32,400]         values=[2.2871,2.7031,2.7070,2.8984,2.8339,...]
SLICE          0.025       [1,2,64,400]         values=[-0.653,-0.288,-0.399,-0.416,-0.498,...]
TRANSPOSE      0.138       [1,2,400,32]         values=[2.4199,-1.674,1.8388,-0.583,2.0605,...]
RESHAPE        0.024       [1,128,20,20]        values=[-0.653,-0.288,-0.399,-0.416,-0.498,...]
MATMUL_ND      1.764       [1,2,400,400]        values=[40.281,38.500,35.468,33.593,33.125,...]
CONV2D         0.826       [1,128,20,20]        values=[0.4267,0.2161,0.2773,0.3024,0.3730,...]
MULTIPLY       3.273       [1,2,400,400]        values=[7.1210,6.8046,6.2695,5.9375,5.8554,...]
SOFTMAX        1.005       [1,2,400,400]        values=[0.0410,0.0299,0.0175,0.0125,0.0115,...]
TRANSPOSE      1.583       [1,2,400,400]        values=[0.0410,0.0172,0.0180,0.0155,0.0156,...]
MATMUL_ND      0.828       [1,2,64,400]         values=[-0.109,-0.088,-0.183,-0.186,-0.227,...]
RESHAPE        0.019       [1,128,20,20]        values=[-0.109,-0.088,-0.183,-0.186,-0.227,...]
ADD            0.058       [1,128,20,20]        values=[0.3171,0.1271,0.0937,0.1163,0.1455,...]
IM2COL         0.272       [1,400,128]          values=[0.3171,-0.064,-0.548,0.5078,1.5507,...]
RESHAPE        0.008       [128,128]            values=[-0.141,-0.046,-0.018,-0.104,0.0086,...]
MATMUL_ND      0.476       [1,400,128]          values=[-1.006,-0.370,0.4384,-0.791,-2.066,...]
ADD            0.454       [1,400,128]          values=[-0.904,0.0598,0.3977,-0.632,-1.530,...]
RESHAPE        0.012       [1,20,20,128]        values=[-0.904,0.0598,0.3977,-0.632,-1.530,...]
TRANSPOSE      0.255       [1,128,20,20]        values=[-0.904,-1.238,-0.765,-0.313,-0.233,...]
ADD            0.054       [1,128,20,20]        values=[-0.549,-0.869,-0.523,-0.309,-0.272,...]
IM2COL         0.272       [1,400,128]          values=[-0.549,0.7470,0.8095,-0.270,-1.487,...]
RESHAPE        0.017       [256,128]            values=[-0.025,-0.172,-0.051,-0.083,0.1497,...]
MATMUL_ND      0.959       [1,400,256]          values=[0.3208,-0.125,0.1444,2.0585,0.6220,...]
ADD            0.916       [1,400,256]          values=[-0.959,-1.332,-0.951,0.9345,-1.415,...]
RESHAPE        0.046       [1,20,20,256]        values=[-0.959,-1.332,-0.951,0.9345,-1.415,...]
TRANSPOSE      0.516       [1,256,20,20]        values=[-0.959,-0.984,-1.221,-1.232,-1.252,...]
SIGMOID        0.118       [1,256,20,20]        values=[0.2771,0.2719,0.2276,0.2257,0.2221,...]
MULTIPLY       0.076       [1,256,20,20]        values=[-0.265,-0.267,-0.278,-0.278,-0.278,...]
IM2COL         0.578       [1,400,256]          values=[-0.265,-0.278,-0.264,0.6708,-0.276,...]
RESHAPE        0.016       [128,256]            values=[0.3369,-0.114,-0.464,0.0958,0.0603,...]
MATMUL_ND      0.773       [1,400,128]          values=[-1.052,0.2299,1.5048,0.4887,0.5522,...]
ADD            0.454       [1,400,128]          values=[-0.471,-0.821,0.4580,0.8017,0.6582,...]
RESHAPE        0.021       [1,20,20,128]        values=[-0.471,-0.821,0.4580,0.8017,0.6582,...]
TRANSPOSE      0.252       [1,128,20,20]        values=[-0.471,-0.512,-0.520,-0.412,-0.385,...]
ADD            0.038       [1,128,20,20]        values=[-1.020,-1.380,-1.043,-0.721,-0.658,...]
CONCAT         0.044       [1,256,20,20]        values=[0.5419,0.6494,0.6313,0.9423,0.9892,...] weights=[-1.020,-1.380,-1.043,-0.721,-0.658,...]
IM2COL         0.612       [1,400,256]          values=[0.5419,-0.222,-0.277,-0.133,-0.271,...]
RESHAPE        0.033       [256,256]            values=[0.0260,-0.094,0.0274,0.0796,0.1807,...]
MATMUL_ND      1.557       [1,400,256]          values=[0.4433,-0.191,0.5683,-0.649,-0.079,...]
ADD            0.902       [1,400,256]          values=[-2.478,0.5195,-0.331,-1.000,-2.050,...]
RESHAPE        0.041       [1,20,20,256]        values=[-2.478,0.5195,-0.331,-1.000,-2.050,...]
TRANSPOSE      0.511       [1,256,20,20]        values=[-2.478,-2.951,-2.837,-2.402,-2.326,...]
SIGMOID        0.170       [1,256,20,20]        values=[0.0773,0.0496,0.0552,0.0830,0.0889,...]
MULTIPLY       0.072       [1,256,20,20]        values=[-0.191,-0.146,-0.156,-0.199,-0.207,...]
RESHAPE        0.039       [256,20,20]          values=[-0.191,-0.146,-0.156,-0.199,-0.207,...]
RESIZE         1.551       [256,40,40]          values=[-0.191,-0.191,-0.146,-0.146,-0.156,...]
RESHAPE        0.167       [1,256,40,40]        values=[-0.191,-0.191,-0.146,-0.146,-0.156,...]
CONCAT         0.251       [1,384,40,40]        values=[-0.191,-0.191,-0.146,-0.146,-0.156,...] weights=[-0.006,-0.033,0.0517,0.1142,0.0480,...]
IM2COL         2.948       [1,1600,384]         values=[-0.191,0.3256,-0.138,-0.269,-0.233,...]
RESHAPE        0.023       [128,384]            values=[-0.348,-0.087,0.0966,0.0205,-0.002,...]
MATMUL_ND      4.368       [1,1600,128]         values=[0.8525,0.9062,-1.281,0.3112,0.9633,...]
ADD            1.811       [1,1600,128]         values=[1.2949,0.4338,-2.068,0.4130,-0.712,...]
RESHAPE        0.086       [1,40,40,128]        values=[1.2949,0.4338,-2.068,0.4130,-0.712,...]
TRANSPOSE      0.623       [1,128,40,40]        values=[1.2949,0.8603,1.0888,1.1474,1.1416,...]
SIGMOID        0.151       [1,128,40,40]        values=[0.7851,0.7026,0.7480,0.7592,0.7578,...]
MULTIPLY       0.131       [1,128,40,40]        values=[1.0166,0.6044,0.8144,0.8710,0.8652,...]
SLICE          0.049       [1,64,40,40]         values=[1.0166,0.6044,0.8144,0.8710,0.8652,...]
SLICE          0.044       [1,64,40,40]         values=[0.3640,0.7075,0.6049,0.5415,0.6162,...]
IM2COL         2.285       [1,1600,576]         values=[0.0000,0.0000,0.0000,0.0000,0.3640,...]
RESHAPE        0.012       [32,576]             values=[0.0256,-0.046,0.1356,-0.056,-0.179,...]
MATMUL_ND      1.559       [1,1600,32]          values=[0.0007,-1.205,0.6357,0.3261,-0.461,...]
ADD            0.467       [1,1600,32]          values=[-0.321,-2.300,-0.493,-0.393,-1.421,...]
RESHAPE        0.009       [1,40,40,32]         values=[-0.321,-2.300,-0.493,-0.393,-1.421,...]
TRANSPOSE      0.170       [1,32,40,40]         values=[-0.321,-0.705,-0.642,-0.377,-0.312,...]
SIGMOID        0.065       [1,32,40,40]         values=[0.4204,0.3305,0.3447,0.4067,0.4226,...]
MULTIPLY       0.037       [1,32,40,40]         values=[-0.135,-0.233,-0.221,-0.153,-0.131,...]
IM2COL         1.203       [1,1600,288]         values=[0.0000,0.0000,0.0000,0.0000,-0.135,...]
RESHAPE        0.013       [64,288]             values=[0.0027,0.0496,0.1208,-0.139,-0.092,...]
MATMUL_ND      1.698       [1,1600,64]          values=[0.6230,1.9794,-1.133,-0.202,0.4001,...]
ADD            0.912       [1,1600,64]          values=[-0.348,2.3945,0.1132,-0.935,-1.221,...]
RESHAPE        0.079       [1,40,40,64]         values=[-0.348,2.3945,0.1132,-0.935,-1.221,...]
TRANSPOSE      0.624       [1,64,40,40]         values=[-0.348,-1.268,-1.037,-0.980,-1.077,...]
SIGMOID        0.398       [1,64,40,40]         values=[0.4138,0.2194,0.2617,0.2727,0.2541,...]
MULTIPLY       0.118       [1,64,40,40]         values=[-0.144,-0.278,-0.271,-0.267,-0.273,...]
ADD            0.132       [1,64,40,40]         values=[0.2199,0.4291,0.3334,0.2739,0.3425,...]
CONCAT         0.117       [1,128,40,40]        values=[1.0166,0.6044,0.8144,0.8710,0.8652,...] weights=[0.3640,0.7075,0.6049,0.5415,0.6162,...]
CONCAT         0.141       [1,192,40,40]        values=[1.0166,0.6044,0.8144,0.8710,0.8652,...] weights=[0.2199,0.4291,0.3334,0.2739,0.3425,...]
IM2COL         1.510       [1,1600,192]         values=[1.0166,0.2634,-0.232,0.2486,-0.234,...]
RESHAPE        0.014       [128,192]            values=[-0.125,-0.118,-0.257,-0.075,0.0426,...]
MATMUL_ND      2.471       [1,1600,128]         values=[0.4880,-0.137,-1.301,0.0031,-0.784,...]
ADD            1.819       [1,1600,128]         values=[-1.818,0.0772,-0.721,0.0195,-1.240,...]
RESHAPE        0.092       [1,40,40,128]        values=[-1.818,0.0772,-0.721,0.0195,-1.240,...]
TRANSPOSE      1.008       [1,128,40,40]        values=[-1.818,-0.443,0.2402,0.6855,0.6718,...]
SIGMOID        0.283       [1,128,40,40]        values=[0.1396,0.3908,0.5595,0.6650,0.6621,...]
MULTIPLY       0.141       [1,128,40,40]        values=[-0.253,-0.173,0.1343,0.4558,0.4448,...]
RESHAPE        0.105       [128,40,40]          values=[-0.253,-0.173,0.1343,0.4558,0.4448,...]
RESIZE         2.784       [128,80,80]          values=[-0.253,-0.253,-0.173,-0.173,0.1343,...]
RESHAPE        0.317       [1,128,80,80]        values=[-0.253,-0.253,-0.173,-0.173,0.1343,...]
CONCAT         0.570       [1,256,80,80]        values=[-0.253,-0.253,-0.173,-0.173,0.1343,...] weights=[-0.269,-0.212,-0.261,-0.243,-0.219,...]
IM2COL         9.140       [1,6400,256]         values=[-0.253,0.0401,-0.235,0.0098,-0.278,...]
RESHAPE        0.011       [64,256]             values=[-0.166,0.2062,0.1137,-0.175,-0.133,...]
MATMUL_ND      6.401       [1,6400,64]          values=[1.0507,-0.311,0.4265,0.1816,0.4311,...]
ADD            3.658       [1,6400,64]          values=[-1.734,-3.359,0.6396,0.4658,2.1660,...]
RESHAPE        0.141       [1,80,80,64]         values=[-1.734,-3.359,0.6396,0.4658,2.1660,...]
TRANSPOSE      1.076       [1,64,80,80]         values=[-1.734,-1.537,-1.958,-2.037,-1.966,...]
SIGMOID        0.277       [1,64,80,80]         values=[0.1500,0.1770,0.1236,0.1153,0.1227,...]
MULTIPLY       0.307       [1,64,80,80]         values=[-0.260,-0.271,-0.242,-0.234,-0.241,...]
SLICE          0.094       [1,32,80,80]         values=[-0.260,-0.271,-0.242,-0.234,-0.241,...]
SLICE          0.081       [1,32,80,80]         values=[1.4335,1.2382,1.3486,1.3671,1.5302,...]
IM2COL         5.064       [1,6400,288]         values=[0.0000,0.0000,0.0000,0.0000,1.4335,...]
RESHAPE        0.004       [16,288]             values=[-0.054,-0.034,0.0086,-0.021,-0.278,...]
MATMUL_ND      1.839       [1,6400,16]          values=[-1.041,0.0657,-0.426,-0.841,-0.951,...]
ADD            0.946       [1,6400,16]          values=[0.2246,0.9111,0.6284,-0.260,0.3046,...]
RESHAPE        0.022       [1,80,80,16]         values=[0.2246,0.9111,0.6284,-0.260,0.3046,...]
TRANSPOSE      0.512       [1,16,80,80]         values=[0.2246,0.0312,0.1464,-0.047,-0.080,...]
SIGMOID        0.099       [1,16,80,80]         values=[0.5561,0.5078,0.5366,0.4880,0.4799,...]
MULTIPLY       0.051       [1,16,80,80]         values=[0.1249,0.0158,0.0786,-0.023,-0.038,...]
IM2COL         2.283       [1,6400,144]         values=[0.0000,0.0000,0.0000,0.0000,0.1249,...]
RESHAPE        0.004       [32,144]             values=[0.0553,0.2312,0.0992,-0.270,-0.242,...]
MATMUL_ND      2.086       [1,6400,32]          values=[-1.101,-1.768,-1.428,0.3212,-1.333,...]
ADD            1.852       [1,6400,32]          values=[-0.306,-2.976,-1.509,0.8159,-2.021,...]
RESHAPE        0.094       [1,80,80,32]         values=[-0.306,-2.976,-1.509,0.8159,-2.021,...]
TRANSPOSE      0.982       [1,32,80,80]         values=[-0.306,-0.059,-0.581,-0.686,-0.488,...]
SIGMOID        0.149       [1,32,80,80]         values=[0.4240,0.4851,0.3586,0.3349,0.3801,...]
MULTIPLY       0.164       [1,32,80,80]         values=[-0.129,-0.028,-0.208,-0.229,-0.185,...]
ADD            0.199       [1,32,80,80]         values=[1.3037,1.2089,1.1396,1.1376,1.3447,...]
CONCAT         0.197       [1,64,80,80]         values=[-0.260,-0.271,-0.242,-0.234,-0.241,...] weights=[1.4335,1.2382,1.3486,1.3671,1.5302,...]
CONCAT         0.237       [1,96,80,80]         values=[-0.260,-0.271,-0.242,-0.234,-0.241,...] weights=[1.3037,1.2089,1.1396,1.1376,1.3447,...]
IM2COL         3.375       [1,6400,96]          values=[-0.260,-0.112,0.4189,0.2861,1.9423,...]
RESHAPE        0.004       [64,96]              values=[-0.039,0.0852,0.0364,0.0880,0.0342,...]
MATMUL_ND      3.311       [1,6400,64]          values=[0.2172,1.0966,0.1345,-0.536,-0.468,...]
ADD            3.670       [1,6400,64]          values=[0.3083,-0.064,0.6093,0.9916,-0.227,...]
RESHAPE        0.115       [1,80,80,64]         values=[0.3083,-0.064,0.6093,0.9916,-0.227,...]
TRANSPOSE      1.762       [1,64,80,80]         values=[0.3083,0.7519,1.5244,1.2470,1.1640,...]
SIGMOID        0.288       [1,64,80,80]         values=[0.5766,0.6796,0.8212,0.7768,0.7622,...]
MULTIPLY       0.365       [1,64,80,80]         values=[0.1778,0.5112,1.2519,0.9687,0.8872,...]
IM2COL         2.903       [1,1600,576]         values=[0.0000,0.0000,0.0000,0.0000,0.1778,...]
RESHAPE        0.024       [64,576]             values=[0.0740,0.0166,-0.049,0.0917,0.1030,...]
MATMUL_ND      3.068       [1,1600,64]          values=[1.3125,-3.050,0.7207,-1.482,-0.453,...]
ADD            0.922       [1,1600,64]          values=[-1.416,-1.979,-1.140,-1.518,-0.520,...]
RESHAPE        0.030       [1,40,40,64]         values=[-1.416,-1.979,-1.140,-1.518,-0.520,...]
TRANSPOSE      0.282       [1,64,40,40]         values=[-1.416,-0.669,-1.294,-1.431,-1.656,...]
IM2COL         9.919       [1,6400,576]         values=[0.0000,0.0000,0.0000,0.0000,0.1778,...]
RESHAPE        0.025       [64,576]             values=[-0.002,-0.066,-0.037,0.0681,0.1590,...]
MATMUL_ND      12.396      [1,6400,64]          values=[-1.768,-0.277,0.7900,-1.206,1.0878,...]
ADD            3.687       [1,6400,64]          values=[-2.917,0.6347,-0.935,-0.355,0.0253,...]
RESHAPE        0.105       [1,80,80,64]         values=[-2.917,0.6347,-0.935,-0.355,0.0253,...]
TRANSPOSE      1.695       [1,64,80,80]         values=[-2.917,-2.691,-2.552,-2.523,-2.683,...]
CONV2D         3.344       [1,64,80,80]         values=[0.1545,0.1959,0.6728,1.0009,0.8271,...]
SIGMOID        0.129       [1,64,40,40]         values=[0.1953,0.3386,0.2150,0.1928,0.1602,...]
SIGMOID        0.292       [1,64,80,80]         values=[0.0512,0.0634,0.0722,0.0742,0.0639,...]
SIGMOID        0.284       [1,64,80,80]         values=[0.5385,0.5488,0.6621,0.7314,0.6958,...]
MULTIPLY       0.096       [1,64,40,40]         values=[-0.276,-0.226,-0.278,-0.276,-0.265,...]
MULTIPLY       0.447       [1,64,80,80]         values=[-0.149,-0.170,-0.184,-0.187,-0.171,...]
MULTIPLY       0.353       [1,64,80,80]         values=[0.0832,0.1075,0.4455,0.7319,0.5756,...]
CONCAT         0.162       [1,192,40,40]        values=[-0.276,-0.226,-0.278,-0.276,-0.265,...] weights=[-0.253,-0.173,0.1343,0.4558,0.4448,...]
IM2COL         9.128       [1,6400,576]         values=[0.0000,0.0000,0.0000,0.0000,-0.149,...]
RESHAPE        0.037       [64,576]             values=[0.0606,0.0331,0.0197,0.0178,0.0412,...]
MATMUL_ND      12.770      [1,6400,64]          values=[0.2016,-5.152,-0.593,-1.614,-0.583,...]
ADD            3.675       [1,6400,64]          values=[0.4025,-2.705,0.9267,0.7060,0.0839,...]
RESHAPE        0.147       [1,80,80,64]         values=[0.4025,-2.705,0.9267,0.7060,0.0839,...]
TRANSPOSE      1.070       [1,64,80,80]         values=[0.4025,-1.595,3.5332,-1.484,3.9570,...]
IM2COL         2.131       [1,6400,64]          values=[0.0832,1.8769,0.1636,-0.191,0.2316,...]
RESHAPE        0.004       [80,64]              values=[0.0433,0.0889,-0.049,0.0808,0.0957,...]
MATMUL_ND      3.539       [1,6400,80]          values=[-2.261,-1.583,-1.204,0.3334,1.0957,...]
ADD            4.559       [1,6400,80]          values=[-0.664,-0.431,-0.534,0.7695,0.1020,...]
RESHAPE        0.183       [1,80,80,80]         values=[-0.664,-0.431,-0.534,0.7695,0.1020,...]
TRANSPOSE      1.361       [1,80,80,80]         values=[-0.664,-0.507,-0.449,-0.400,-0.391,...]
IM2COL         1.533       [1,1600,192]         values=[-0.276,-0.240,-0.276,-0.272,-0.194,...]
RESHAPE        0.014       [128,192]            values=[0.1319,-0.028,0.0577,0.2198,0.6850,...]
MATMUL_ND      2.578       [1,1600,128]         values=[0.8808,-0.814,0.8310,1.1054,-0.165,...]
ADD            1.818       [1,1600,128]         values=[1.1669,-0.199,-0.302,-0.885,-0.792,...]
RESHAPE        0.051       [1,40,40,128]        values=[1.1669,-0.199,-0.302,-0.885,-0.792,...]
TRANSPOSE      0.554       [1,128,40,40]        values=[1.1669,1.3886,1.3193,1.6357,1.6855,...]
SIGMOID        0.262       [1,64,80,80]         values=[0.5991,0.1685,0.9716,0.1848,0.9814,...]
SIGMOID        0.358       [1,80,80,80]         values=[0.3398,0.3757,0.3896,0.4011,0.4033,...]
SIGMOID        0.129       [1,128,40,40]        values=[0.7626,0.8002,0.7890,0.8369,0.8437,...]
MULTIPLY       0.388       [1,64,80,80]         values=[0.2412,-0.269,3.4335,-0.274,3.8828,...]
MULTIPLY       0.515       [1,80,80,80]         values=[-0.225,-0.190,-0.175,-0.160,-0.157,...]
MULTIPLY       0.199       [1,128,40,40]        values=[0.8901,1.1113,1.0410,1.3691,1.4218,...]
IM2COL         2.302       [1,6400,64]          values=[0.2412,-0.169,0.6640,0.4726,0.0437,...]
RESHAPE        0.003       [64,64]              values=[-0.068,0.0194,0.0196,0.0269,-0.013,...]
MATMUL_ND      2.747       [1,6400,64]          values=[4.2031,4.1093,0.9638,-0.333,-0.327,...]
ADD            3.651       [1,6400,64]          values=[6.3750,6.3828,3.1015,1.4101,1.5859,...]
RESHAPE        0.156       [1,80,80,64]         values=[6.3750,6.3828,3.1015,1.4101,1.5859,...]
TRANSPOSE      1.050       [1,64,80,80]         values=[6.3750,4.0273,2.7265,1.8476,1.5351,...]
CONV2D         4.112       [1,80,80,80]         values=[0.8164,0.1719,0.2163,0.2047,0.1842,...]
SLICE          0.072       [1,64,40,40]         values=[0.8901,1.1113,1.0410,1.3691,1.4218,...]
SLICE          0.065       [1,64,40,40]         values=[-0.114,-0.163,-0.223,-0.244,-0.229,...]
SIGMOID        0.315       [1,80,80,80]         values=[0.6933,0.5429,0.5537,0.5507,0.5458,...]
IM2COL         2.298       [1,1600,576]         values=[0.0000,0.0000,0.0000,0.0000,-0.114,...]
RESHAPE        0.008       [32,576]             values=[0.0374,-0.022,0.0071,0.0918,0.0469,...]
MATMUL_ND      1.589       [1,1600,32]          values=[0.2434,-0.156,-1.043,-0.194,-0.113,...]
ADD            0.468       [1,1600,32]          values=[-0.516,2.0332,-1.367,-1.007,-0.064,...]
RESHAPE        0.011       [1,40,40,32]         values=[-0.516,2.0332,-1.367,-1.007,-0.064,...]
TRANSPOSE      0.151       [1,32,40,40]         values=[-0.516,-0.901,-1.066,-0.871,-0.849,...]
MULTIPLY       0.528       [1,80,80,80]         values=[0.5659,0.0933,0.1197,0.1127,0.1005,...]
SIGMOID        0.044       [1,32,40,40]         values=[0.3735,0.2888,0.2561,0.2949,0.2995,...]
IM2COL         2.837       [1,6400,80]          values=[0.5659,1.6826,0.8535,1.3964,0.8720,...]
RESHAPE        0.004       [80,80]              values=[-0.042,0.6738,-0.030,1.8085,0.6352,...]
MATMUL_ND      3.735       [1,6400,80]          values=[-1.375,1.0126,-11.87,-4.355,3.6503,...]
ADD            4.566       [1,6400,80]          values=[1.2128,1.9472,2.8281,1.2460,2.8281,...]
RESHAPE        0.188       [1,80,80,80]         values=[1.2128,1.9472,2.8281,1.2460,2.8281,...]
TRANSPOSE      2.000       [1,80,80,80]         values=[1.2128,1.3144,1.7324,1.4843,1.5390,...]
MULTIPLY       0.057       [1,32,40,40]         values=[-0.192,-0.260,-0.273,-0.256,-0.254,...]
SIGMOID        0.332       [1,80,80,80]         values=[0.7709,0.7880,0.8496,0.8154,0.8232,...]
IM2COL         1.161       [1,1600,288]         values=[0.0000,0.0000,0.0000,0.0000,-0.192,...]
RESHAPE        0.012       [64,288]             values=[-0.033,-0.061,0.1685,0.0181,-0.013,...]
MATMUL_ND      1.766       [1,1600,64]          values=[-1.091,1.1376,0.7734,-0.784,-0.062,...]
ADD            0.914       [1,1600,64]          values=[0.5703,0.0605,-0.575,-2.125,-3.353,...]
RESHAPE        0.039       [1,40,40,64]         values=[0.5703,0.0605,-0.575,-2.125,-3.353,...]
TRANSPOSE      0.282       [1,64,40,40]         values=[0.5703,0.8178,0.4316,0.5478,0.5214,...]
MULTIPLY       0.450       [1,80,80,80]         values=[0.9350,1.0361,1.4716,1.2099,1.2666,...]
SIGMOID        0.124       [1,64,40,40]         values=[0.6386,0.6938,0.6064,0.6337,0.6274,...]
IM2COL         2.700       [1,6400,80]          values=[0.9350,1.7041,2.6699,0.9682,2.6699,...]
RESHAPE        0.003       [80,80]              values=[0.0232,-0.099,0.0070,0.0534,-0.003,...]
MATMUL_ND      3.727       [1,6400,80]          values=[-5.519,-3.515,-3.167,-3.476,-1.833,...]
ADD            4.564       [1,6400,80]          values=[-12.43,-15.12,-13.28,-15.25,-14.31,...]
RESHAPE        0.173       [1,80,80,80]         values=[-12.43,-15.12,-13.28,-15.25,-14.31,...]
TRANSPOSE      1.456       [1,80,80,80]         values=[-12.43,-13.56,-13.37,-13.20,-12.71,...]
MULTIPLY       0.170       [1,64,40,40]         values=[0.3642,0.5673,0.2617,0.3471,0.3271,...]
CONCAT         0.387       [1,144,80,80]        values=[6.3750,4.0273,2.7265,1.8476,1.5351,...] weights=[-12.43,-13.56,-13.37,-13.20,-12.71,...]
ADD            0.114       [1,64,40,40]         values=[0.2497,0.4035,0.0383,0.1021,0.0977,...]
RESHAPE        0.362       [1,144,6400]         values=[6.3750,4.0273,2.7265,1.8476,1.5351,...]
CONCAT         0.109       [1,128,40,40]        values=[0.8901,1.1113,1.0410,1.3691,1.4218,...] weights=[-0.114,-0.163,-0.223,-0.244,-0.229,...]
CONCAT         0.131       [1,192,40,40]        values=[0.8901,1.1113,1.0410,1.3691,1.4218,...] weights=[0.2497,0.4035,0.0383,0.1021,0.0977,...]
IM2COL         1.480       [1,1600,192]         values=[0.8901,-0.089,-0.128,-0.258,-0.247,...]
RESHAPE        0.012       [128,192]            values=[0.0456,0.0374,-0.063,-0.054,0.0847,...]
MATMUL_ND      2.491       [1,1600,128]         values=[0.4782,-0.275,-1.568,1.2988,-0.746,...]
ADD            1.809       [1,1600,128]         values=[0.7006,0.9667,-0.507,1.4902,-1.078,...]
RESHAPE        0.095       [1,40,40,128]        values=[0.7006,0.9667,-0.507,1.4902,-1.078,...]
TRANSPOSE      1.026       [1,128,40,40]        values=[0.7006,-0.795,-0.761,-0.661,-0.749,...]
SIGMOID        0.143       [1,128,40,40]        values=[0.6684,0.3107,0.3183,0.3405,0.3210,...]
MULTIPLY       0.159       [1,128,40,40]        values=[0.4682,-0.247,-0.242,-0.225,-0.240,...]
IM2COL         1.232       [1,400,1152]         values=[0.0000,0.0000,0.0000,0.0000,0.4682,...]
RESHAPE        0.081       [128,1152]           values=[0.0037,-0.039,0.0124,-0.052,-0.081,...]
MATMUL_ND      2.820       [1,400,128]          values=[-0.780,0.2878,0.3698,-0.410,-0.811,...]
ADD            0.455       [1,400,128]          values=[-1.008,0.1988,0.0590,-0.747,-1.519,...]
RESHAPE        0.021       [1,20,20,128]        values=[-1.008,0.1988,0.0590,-0.747,-1.519,...]
TRANSPOSE      0.157       [1,128,20,20]        values=[-1.008,-0.380,0.6269,-0.291,-0.794,...]
IM2COL         4.502       [1,1600,1152]        values=[0.0000,0.0000,0.0000,0.0000,0.4682,...]
RESHAPE        0.061       [64,1152]            values=[0.0275,0.1130,-0.003,-0.038,-0.086,...]
MATMUL_ND      5.734       [1,1600,64]          values=[0.0770,-0.142,-1.037,2.1093,0.9277,...]
ADD            0.916       [1,1600,64]          values=[0.1718,0.0584,-0.828,2.1953,0.0444,...]
RESHAPE        0.021       [1,40,40,64]         values=[0.1718,0.0584,-0.828,2.1953,0.0444,...]
TRANSPOSE      0.279       [1,64,40,40]         values=[0.1718,-0.492,0.5532,0.6811,0.9160,...]
CONV2D         1.667       [1,128,40,40]        values=[0.8564,2.2128,1.9716,1.9550,1.9746,...]
SIGMOID        0.070       [1,128,20,20]        values=[0.2673,0.4060,0.6518,0.4277,0.3110,...]
SIGMOID        0.075       [1,64,40,40]         values=[0.5429,0.3791,0.6347,0.6640,0.7143,...]
SIGMOID        0.151       [1,128,40,40]        values=[0.7021,0.9013,0.8779,0.8759,0.8779,...]
MULTIPLY       0.037       [1,128,20,20]        values=[-0.269,-0.154,0.4086,-0.124,-0.247,...]
MULTIPLY       0.087       [1,64,40,40]         values=[0.0933,-0.186,0.3510,0.4523,0.6542,...]
MULTIPLY       0.144       [1,128,40,40]        values=[0.6015,1.9941,1.7314,1.7128,1.7333,...]
CONCAT         0.081       [1,384,20,20]        values=[-0.269,-0.154,0.4086,-0.124,-0.247,...] weights=[-0.191,-0.146,-0.156,-0.199,-0.207,...]
IM2COL         2.303       [1,1600,576]         values=[0.0000,0.0000,0.0000,0.0000,0.0933,...]
RESHAPE        0.021       [64,576]             values=[-0.005,0.0494,0.0336,0.0534,-0.028,...]
MATMUL_ND      3.120       [1,1600,64]          values=[-0.165,-2.707,-2.460,2.3945,0.1638,...]
ADD            0.914       [1,1600,64]          values=[-0.752,-0.492,-0.852,1.4804,1.8095,...]
RESHAPE        0.040       [1,40,40,64]         values=[-0.752,-0.492,-0.852,1.4804,1.8095,...]
TRANSPOSE      0.498       [1,64,40,40]         values=[-0.752,0.2021,-0.080,-0.267,-0.299,...]
IM2COL         1.002       [1,1600,128]         values=[0.6015,0.4509,1.0097,0.5102,0.3806,...]
RESHAPE        0.005       [80,128]             values=[0.0244,-0.112,0.0260,0.0223,0.0387,...]
MATMUL_ND      1.194       [1,1600,80]          values=[0.4030,0.2788,0.6171,0.1252,1.3671,...]
ADD            1.144       [1,1600,80]          values=[0.8007,1.0097,-2.185,-0.039,-0.996,...]
RESHAPE        0.086       [1,40,40,80]         values=[0.8007,1.0097,-2.185,-0.039,-0.996,...]
TRANSPOSE      0.635       [1,80,40,40]         values=[0.8007,0.6772,1.0156,0.9189,0.9853,...]
IM2COL         0.946       [1,400,384]          values=[-0.269,0.1092,0.0304,-0.240,-0.272,...]
RESHAPE        0.061       [256,384]            values=[0.0167,-0.033,0.0403,-0.190,0.0780,...]
MATMUL_ND      2.153       [1,400,256]          values=[0.9272,1.4384,-0.918,1.8437,0.3708,...]
ADD            0.905       [1,400,256]          values=[0.3500,0.2812,-0.536,0.1982,-1.092,...]
RESHAPE        0.027       [1,20,20,256]        values=[0.3500,0.2812,-0.536,0.1982,-1.092,...]
TRANSPOSE      0.521       [1,256,20,20]        values=[0.3500,-0.171,-0.344,-0.263,-0.302,...]
SIGMOID        0.119       [1,64,40,40]         values=[0.3200,0.5502,0.4799,0.4335,0.4257,...]
SIGMOID        0.143       [1,80,40,40]         values=[0.6899,0.6630,0.7338,0.7148,0.7280,...]
SIGMOID        0.115       [1,256,20,20]        values=[0.5864,0.4570,0.4145,0.4343,0.4250,...]
MULTIPLY       0.079       [1,64,40,40]         values=[-0.240,0.1112,-0.038,-0.115,-0.127,...]
MULTIPLY       0.114       [1,80,40,40]         values=[0.5527,0.4489,0.7451,0.6567,0.7172,...]
MULTIPLY       0.085       [1,256,20,20]        values=[0.2053,-0.078,-0.143,-0.114,-0.128,...]
IM2COL         0.508       [1,1600,64]          values=[-0.240,-0.186,-0.254,1.2060,1.5546,...]
RESHAPE        0.002       [64,64]              values=[0.0101,-0.275,-0.114,0.0018,0.0068,...]
MATMUL_ND      0.692       [1,1600,64]          values=[3.3808,3.1562,0.9404,-0.238,0.0697,...]
ADD            0.911       [1,1600,64]          values=[5.9023,5.6328,3.3203,2.0000,2.1582,...]
RESHAPE        0.050       [1,40,40,64]         values=[5.9023,5.6328,3.3203,2.0000,2.1582,...]
TRANSPOSE      0.514       [1,64,40,40]         values=[5.9023,3.1347,2.1738,0.7851,0.1328,...]
CONV2D         2.044       [1,80,40,40]         values=[1.2558,1.0322,1.0937,1.0078,1.0410,...]
SLICE          0.028       [1,128,20,20]        values=[0.2053,-0.078,-0.143,-0.114,-0.128,...]
SLICE          0.026       [1,128,20,20]        values=[0.1429,0.2215,-0.047,-0.189,-0.124,...]
SIGMOID        0.156       [1,80,40,40]         values=[0.7783,0.7373,0.7490,0.7324,0.7392,...]
IM2COL         0.298       [1,400,128]          values=[0.1429,-0.275,0.5522,1.1904,0.4943,...]
RESHAPE        0.003       [64,128]             values=[-0.032,-0.032,-0.001,0.0655,0.0487,...]
MATMUL_ND      0.241       [1,400,64]           values=[0.2023,-0.350,0.3989,0.2059,-0.479,...]
ADD            0.229       [1,400,64]           values=[0.0690,-0.840,-0.730,0.2597,-1.385,...]
RESHAPE        0.015       [1,20,20,64]         values=[0.0690,-0.840,-0.730,0.2597,-1.385,...]
TRANSPOSE      0.140       [1,64,20,20]         values=[0.0690,0.2607,0.2138,0.2026,0.1752,...]
IM2COL         0.263       [1,400,128]          values=[0.1429,-0.275,0.5522,1.1904,0.4943,...]
RESHAPE        0.003       [64,128]             values=[0.1185,0.0259,-0.107,0.3107,-0.059,...]
MATMUL_ND      0.240       [1,400,64]           values=[-1.405,-1.834,-0.346,-0.244,-1.249,...]
ADD            0.229       [1,400,64]           values=[-1.856,-2.230,-0.504,-0.341,-1.336,...]
RESHAPE        0.006       [1,20,20,64]         values=[-1.856,-2.230,-0.504,-0.341,-1.336,...]
TRANSPOSE      0.142       [1,64,20,20]         values=[-1.856,-1.770,-1.814,-1.961,-1.646,...]
MULTIPLY       0.125       [1,80,40,40]         values=[0.9775,0.7612,0.8193,0.7382,0.7695,...]
SIGMOID        0.043       [1,64,20,20]         values=[0.5170,0.5649,0.5532,0.5502,0.5439,...]
SIGMOID        0.036       [1,64,20,20]         values=[0.1351,0.1455,0.1401,0.1232,0.1616,...]
IM2COL         0.627       [1,1600,80]          values=[0.9775,0.7778,-0.041,0.4211,0.1490,...]
RESHAPE        0.003       [80,80]              values=[-0.610,0.2829,-0.725,-0.889,0.4567,...]
MATMUL_ND      0.935       [1,1600,80]          values=[-3.621,1.0849,-6.320,-8.406,-5.035,...]
ADD            1.148       [1,1600,80]          values=[-1.730,1.1835,1.2929,-0.171,-1.339,...]
RESHAPE        0.038       [1,40,40,80]         values=[-1.730,1.1835,1.2929,-0.171,-1.339,...]
TRANSPOSE      0.946       [1,80,40,40]         values=[-1.730,-2.140,-1.738,-1.365,-1.470,...]
MULTIPLY       0.031       [1,64,20,20]         values=[0.0357,0.1473,0.1182,0.1115,0.0953,...]
MULTIPLY       0.029       [1,64,20,20]         values=[-0.250,-0.257,-0.254,-0.241,-0.266,...]
SIGMOID        0.140       [1,80,40,40]         values=[0.1505,0.1052,0.1495,0.2033,0.1868,...]
IM2COL         0.592       [1,400,576]          values=[0.0000,0.0000,0.0000,0.0000,0.0357,...]
RESHAPE        0.020       [64,576]             values=[0.3061,-0.103,-0.009,0.8784,0.3281,...]
MATMUL_ND      0.756       [1,400,64]           values=[-0.000,-0.524,0.4345,-0.310,0.6665,...]
ADD            0.229       [1,400,64]           values=[-1.765,-2.253,-0.377,-0.078,-0.870,...]
RESHAPE        0.008       [1,20,20,64]         values=[-1.765,-2.253,-0.377,-0.078,-0.870,...]
TRANSPOSE      0.136       [1,64,20,20]         values=[-1.765,0.0126,-0.448,-0.942,-0.837,...]
MULTIPLY       0.116       [1,80,40,40]         values=[-0.260,-0.225,-0.260,-0.277,-0.274,...]
SIGMOID        0.039       [1,64,20,20]         values=[0.1461,0.5029,0.3898,0.2802,0.3020,...]
IM2COL         0.631       [1,1600,80]          values=[-0.260,0.9062,1.0146,-0.078,-0.278,...]
RESHAPE        0.003       [80,80]              values=[0.0125,0.0158,0.0047,0.0181,-0.004,...]
MATMUL_ND      0.930       [1,1600,80]          values=[-6.363,-3.765,-4.390,-4.269,-2.941,...]
ADD            1.138       [1,1600,80]          values=[-12.68,-14.34,-13.44,-14.64,-13.75,...]
RESHAPE        0.054       [1,40,40,80]         values=[-12.68,-14.34,-13.44,-14.64,-13.75,...]
TRANSPOSE      0.980       [1,80,40,40]         values=[-12.68,-13.17,-13.62,-13.89,-13.54,...]
MULTIPLY       0.024       [1,64,20,20]         values=[-0.258,0.0063,-0.174,-0.264,-0.252,...]
CONCAT         0.107       [1,144,40,40]        values=[5.9023,3.1347,2.1738,0.7851,0.1328,...] weights=[-12.68,-13.17,-13.62,-13.89,-13.54,...]
IM2COL         0.578       [1,400,576]          values=[0.0000,0.0000,0.0000,0.0000,-0.258,...]
RESHAPE        0.022       [64,576]             values=[-0.035,0.0052,0.0205,0.0368,0.0235,...]
MATMUL_ND      0.755       [1,400,64]           values=[-0.241,0.4677,0.4499,-0.040,1.5058,...]
ADD            0.229       [1,400,64]           values=[-0.048,-1.095,-0.645,0.6816,0.2646,...]
RESHAPE        0.003       [1,20,20,64]         values=[-0.048,-1.095,-0.645,0.6816,0.2646,...]
TRANSPOSE      0.202       [1,64,20,20]         values=[-0.048,-0.182,-0.006,0.2976,0.3891,...]
RESHAPE        0.117       [1,144,1600]         values=[5.9023,3.1347,2.1738,0.7851,0.1328,...]
SIGMOID        0.060       [1,64,20,20]         values=[0.4880,0.4545,0.4982,0.5737,0.5961,...]
MULTIPLY       0.021       [1,64,20,20]         values=[-0.023,-0.082,-0.003,0.1707,0.2320,...]
ADD            0.029       [1,64,20,20]         values=[0.0121,0.0643,0.1149,0.2822,0.3273,...]
IM2COL         0.561       [1,400,576]          values=[0.0000,0.0000,0.0000,0.0000,0.0121,...]
RESHAPE        0.016       [64,576]             values=[0.0168,0.0689,-0.018,-0.037,-0.002,...]
MATMUL_ND      0.789       [1,400,64]           values=[0.1180,-0.134,-1.173,-0.149,0.4418,...]
ADD            0.228       [1,400,64]           values=[-0.512,-1.240,-1.120,0.0222,-0.301,...]
RESHAPE        0.012       [1,20,20,64]         values=[-0.512,-1.240,-1.120,0.0222,-0.301,...]
TRANSPOSE      0.205       [1,64,20,20]         values=[-0.512,-0.673,-0.528,-0.316,-0.274,...]
SIGMOID        0.055       [1,64,20,20]         values=[0.3745,0.3376,0.3708,0.4216,0.4316,...]
MULTIPLY       0.020       [1,64,20,20]         values=[-0.192,-0.227,-0.196,-0.133,-0.118,...]
IM2COL         0.561       [1,400,576]          values=[0.0000,0.0000,0.0000,0.0000,-0.192,...]
RESHAPE        0.019       [64,576]             values=[-0.087,-0.166,0.0548,-0.048,-0.074,...]
MATMUL_ND      0.788       [1,400,64]           values=[0.1594,-0.517,-0.500,0.0493,0.3493,...]
ADD            0.228       [1,400,64]           values=[-0.174,-0.106,-0.063,-0.870,0.0561,...]
RESHAPE        0.003       [1,20,20,64]         values=[-0.174,-0.106,-0.063,-0.870,0.0561,...]
TRANSPOSE      0.199       [1,64,20,20]         values=[-0.174,-0.145,-0.154,-0.481,-0.171,...]
SIGMOID        0.053       [1,64,20,20]         values=[0.4565,0.4638,0.4614,0.3818,0.4572,...]
MULTIPLY       0.024       [1,64,20,20]         values=[-0.079,-0.067,-0.071,-0.183,-0.078,...]
ADD            0.022       [1,64,20,20]         values=[-0.067,-0.002,0.0437,0.0983,0.2490,...]
CONCAT         0.024       [1,128,20,20]        values=[-0.067,-0.002,0.0437,0.0983,0.2490,...] weights=[-0.250,-0.257,-0.254,-0.241,-0.266,...]
IM2COL         0.296       [1,400,128]          values=[-0.067,-0.578,-0.490,0.3420,-0.098,...]
RESHAPE        0.008       [128,128]            values=[0.0506,-0.104,-0.009,0.0411,0.0937,...]
MATMUL_ND      0.475       [1,400,128]          values=[-0.528,0.2863,0.5585,0.5976,1.1953,...]
ADD            0.453       [1,400,128]          values=[0.3129,1.3457,0.0917,0.4758,0.0742,...]
RESHAPE        0.011       [1,20,20,128]        values=[0.3129,1.3457,0.0917,0.4758,0.0742,...]
TRANSPOSE      0.381       [1,128,20,20]        values=[0.3129,0.6123,0.2866,0.0766,0.5634,...]
SIGMOID        0.093       [1,128,20,20]        values=[0.5776,0.6484,0.5712,0.5190,0.6372,...]
MULTIPLY       0.037       [1,128,20,20]        values=[0.1807,0.3969,0.1636,0.0397,0.3591,...]
CONCAT         0.058       [1,256,20,20]        values=[0.2053,-0.078,-0.143,-0.114,-0.128,...] weights=[0.1429,0.2215,-0.047,-0.189,-0.124,...]
CONCAT         0.068       [1,384,20,20]        values=[0.2053,-0.078,-0.143,-0.114,-0.128,...] weights=[0.1807,0.3969,0.1636,0.0397,0.3591,...]
IM2COL         0.907       [1,400,384]          values=[0.2053,0.1602,-0.197,0.1088,-0.274,...]
RESHAPE        0.059       [256,384]            values=[-0.043,0.0758,-0.021,0.0220,0.0933,...]
MATMUL_ND      2.156       [1,400,256]          values=[-1.226,-0.511,0.0012,0.5502,-0.076,...]
ADD            0.915       [1,400,256]          values=[-1.651,-0.765,-0.905,-0.405,-0.752,...]
RESHAPE        0.028       [1,20,20,256]        values=[-1.651,-0.765,-0.905,-0.405,-0.752,...]
TRANSPOSE      0.760       [1,256,20,20]        values=[-1.651,-0.787,-0.246,-0.548,-0.833,...]
SIGMOID        0.172       [1,256,20,20]        values=[0.1608,0.3127,0.4387,0.3662,0.3029,...]
MULTIPLY       0.073       [1,256,20,20]        values=[-0.265,-0.246,-0.108,-0.200,-0.252,...]
IM2COL         2.222       [1,400,2304]         values=[0.0000,0.0000,0.0000,0.0000,-0.265,...]
RESHAPE        0.080       [64,2304]            values=[0.0106,0.0105,0.0821,0.0040,0.0377,...]
MATMUL_ND      2.890       [1,400,64]           values=[-0.388,0.1146,-0.611,-0.854,0.1993,...]
ADD            0.232       [1,400,64]           values=[-0.514,0.2028,-0.699,-1.227,0.2015,...]
RESHAPE        0.004       [1,20,20,64]         values=[-0.514,0.2028,-0.699,-1.227,0.2015,...]
TRANSPOSE      0.207       [1,64,20,20]         values=[-0.514,-1.217,-1.014,-1.295,-1.570,...]
CONV2D         1.910       [1,256,20,20]        values=[-0.179,-0.021,-0.094,-0.239,-0.113,...]
SIGMOID        0.054       [1,64,20,20]         values=[0.3742,0.2282,0.2661,0.2148,0.1721,...]
SIGMOID        0.116       [1,256,20,20]        values=[0.4553,0.4946,0.4763,0.4404,0.4716,...]
MULTIPLY       0.023       [1,64,20,20]         values=[-0.192,-0.278,-0.270,-0.278,-0.270,...]
MULTIPLY       0.068       [1,256,20,20]        values=[-0.081,-0.010,-0.044,-0.105,-0.053,...]
IM2COL         0.563       [1,400,576]          values=[0.0000,0.0000,0.0000,0.0000,-0.192,...]
RESHAPE        0.017       [64,576]             values=[0.0163,0.0662,0.0262,0.0196,0.0435,...]
MATMUL_ND      0.775       [1,400,64]           values=[-1.371,2.4843,-0.492,-0.844,0.5800,...]
ADD            0.229       [1,400,64]           values=[1.4082,1.8710,0.0158,0.8129,0.6948,...]
RESHAPE        0.005       [1,20,20,64]         values=[1.4082,1.8710,0.0158,0.8129,0.6948,...]
TRANSPOSE      0.074       [1,64,20,20]         values=[1.4082,5.1406,4.5546,-0.410,1.5029,...]
IM2COL         0.585       [1,400,256]          values=[-0.081,-0.133,0.8994,0.7856,0.3151,...]
RESHAPE        0.011       [80,256]             values=[0.0399,-0.033,-0.003,-0.007,-0.055,...]
MATMUL_ND      0.475       [1,400,80]           values=[0.3244,0.4604,0.9150,-0.816,0.0546,...]
ADD            0.291       [1,400,80]           values=[-0.370,-2.333,1.6845,-1.101,0.6186,...]
RESHAPE        0.010       [1,20,20,80]         values=[-0.370,-2.333,1.6845,-1.101,0.6186,...]
TRANSPOSE      0.171       [1,80,20,20]         values=[-0.370,-0.345,-0.066,0.1308,-0.243,...]
SIGMOID        0.049       [1,64,20,20]         values=[0.8037,0.9941,0.9897,0.3989,0.8178,...]
SIGMOID        0.049       [1,80,20,20]         values=[0.4084,0.4145,0.4833,0.5327,0.4394,...]
MULTIPLY       0.018       [1,64,20,20]         values=[1.1318,5.1093,4.5078,-0.163,1.2294,...]
MULTIPLY       0.020       [1,80,20,20]         values=[-0.151,-0.143,-0.032,0.0697,-0.106,...]
IM2COL         0.123       [1,400,64]           values=[1.1318,1.6220,0.0079,0.5634,0.4633,...]
RESHAPE        0.002       [64,64]              values=[0.0002,0.0122,0.0078,-0.109,0.0111,...]
MATMUL_ND      0.171       [1,400,64]           values=[2.3437,2.1875,0.3046,-0.604,-0.388,...]
ADD            0.228       [1,400,64]           values=[5.1796,4.9531,2.7910,1.7128,1.4550,...]
RESHAPE        0.008       [1,20,20,64]         values=[5.1796,4.9531,2.7910,1.7128,1.4550,...]
TRANSPOSE      0.141       [1,64,20,20]         values=[5.1796,3.2695,2.3554,1.0195,0.1210,...]
CONV2D         0.521       [1,80,20,20]         values=[0.8295,0.7998,0.6645,0.5336,0.7758,...]
SIGMOID        0.055       [1,80,20,20]         values=[0.6962,0.6899,0.6601,0.6303,0.6845,...]
MULTIPLY       0.022       [1,80,20,20]         values=[0.5776,0.5517,0.4387,0.3364,0.5312,...]
IM2COL         0.152       [1,400,80]           values=[0.5776,-0.271,1.5742,-0.277,1.4902,...]
RESHAPE        0.003       [80,80]              values=[-0.610,-0.647,-0.364,-0.391,-1.367,...]
MATMUL_ND      0.232       [1,400,80]           values=[-8.179,4.6367,-25.43,8.7343,-1.021,...]
ADD            0.284       [1,400,80]           values=[-0.742,4.1601,0.2031,7.4101,5.3281,...]
RESHAPE        0.013       [1,20,20,80]         values=[-0.742,4.1601,0.2031,7.4101,5.3281,...]
TRANSPOSE      0.179       [1,80,20,20]         values=[-0.742,-1.125,-1.351,-1.257,-1.265,...]
SIGMOID        0.056       [1,80,20,20]         values=[0.3225,0.2451,0.2055,0.2213,0.2199,...]
MULTIPLY       0.026       [1,80,20,20]         values=[-0.239,-0.275,-0.277,-0.278,-0.278,...]
IM2COL         0.152       [1,400,80]           values=[-0.239,4.0976,0.1118,7.4062,5.3007,...]
RESHAPE        0.003       [80,80]              values=[0.0225,-0.194,0.0309,-0.279,-0.151,...]
MATMUL_ND      0.232       [1,400,80]           values=[-6.437,-4.136,-4.597,-4.421,-4.347,...]
ADD            0.284       [1,400,80]           values=[-11.82,-13.25,-12.79,-13.10,-13.31,...]
RESHAPE        0.006       [1,20,20,80]         values=[-11.82,-13.25,-12.79,-13.10,-13.31,...]
TRANSPOSE      0.179       [1,80,20,20]         values=[-11.82,-11.35,-11.06,-10.89,-11.21,...]
CONCAT         0.032       [1,144,20,20]        values=[5.1796,3.2695,2.3554,1.0195,0.1210,...] weights=[-11.82,-11.35,-11.06,-10.89,-11.21,...]
RESHAPE        0.031       [1,144,400]          values=[5.1796,3.2695,2.3554,1.0195,0.1210,...]
CONCAT         0.619       [1,144,8000]         values=[6.3750,4.0273,2.7265,1.8476,1.5351,...] weights=[5.9023,3.1347,2.1738,0.7851,0.1328,...]
CONCAT         0.535       [1,144,8400]         values=[6.3750,4.0273,2.7265,1.8476,1.5351,...] weights=[5.1796,3.2695,2.3554,1.0195,0.1210,...]
SLICE          0.199       [1,64,8400]          values=[6.3750,4.0273,2.7265,1.8476,1.5351,...]
SLICE          0.241       [1,80,8400]          values=[-12.43,-13.56,-13.37,-13.20,-12.71,...]
RESHAPE        0.194       [1,4,16,8400]        values=[6.3750,4.0273,2.7265,1.8476,1.5351,...]
SIGMOID        0.725       [1,80,8400]          values=[0.0000,0.0000,0.0000,0.0000,0.0000,...]
TRANSPOSE      2.552       [1,16,4,8400]        values=[6.3750,4.0273,2.7265,1.8476,1.5351,...]
TRANSPOSE      1.327       [1,4,8400,16]        values=[6.3750,6.3828,3.1015,1.4101,1.5859,...]
SOFTMAX        1.585       [1,4,8400,16]        values=[0.4809,0.4848,0.0182,0.0033,0.0040,...]
TRANSPOSE      1.341       [1,16,4,8400]        values=[0.4809,0.0515,0.0497,0.0410,0.0538,...]
IM2COL         0.942       [1,33600,16]         values=[0.4809,0.4848,0.0182,0.0033,0.0040,...]
RESHAPE        0.001       [1,16]               values=[0.0000,1.0000,2.0000,3.0000,4.0000,...]
MATMUL_ND      0.192       [1,33600,1]          values=[0.6166,1.4697,2.4785,3.4531,4.5468,...]
RESHAPE        0.013       [1,4,8400,1]         values=[0.6166,1.4697,2.4785,3.4531,4.5468,...]
TRANSPOSE      0.133       [1,1,4,8400]         values=[0.6166,1.4697,2.4785,3.4531,4.5468,...]
RESHAPE        0.012       [1,4,8400]           values=[0.6166,1.4697,2.4785,3.4531,4.5468,...]
SLICE          0.005       [1,2,8400]           values=[0.6166,1.4697,2.4785,3.4531,4.5468,...]
SLICE          0.008       [1,2,8400]           values=[0.8940,2.6796,4.2578,6.8671,9.8437,...]
SUBTRACT       0.027       [1,2,8400]           values=[-0.116,0.0302,0.0214,0.0468,-0.046,...]
ADD            0.028       [1,2,8400]           values=[1.3945,4.1796,6.7578,10.367,14.343,...]
ADD            0.017       [1,2,8400]           values=[1.2773,4.2109,6.7812,10.414,14.296,...]
SUBTRACT       0.017       [1,2,8400]           values=[1.5117,4.1484,6.7343,10.320,14.390,...]
DIVIDE         0.142       [1,2,8400]           values=[0.6386,2.1054,3.3906,5.2070,7.1484,...]
CONCAT         0.014       [1,4,8400]           values=[0.6386,2.1054,3.3906,5.2070,7.1484,...] weights=[1.5117,4.1484,6.7343,10.320,14.390,...]
MULTIPLY       0.283       [1,4,8400]           values=[5.1093,16.843,27.125,41.656,57.187,...]
CONCAT         0.288       [1,84,8400]          values=[5.1093,16.843,27.125,41.656,57.187,...] weights=[0.0000,0.0000,0.0000,0.0000,0.0000,...]
------------------------------------------------------------
Total execution time: 644.926 ms
================================
