=== Graph Execution Profile ===
Operation      Time (ms)   Output Shape        Backend
------------------------------------------------------------
IM2COL         2.506       [1,102400,27]        values=[0.0000,0.0000,0.0000,0.0000,-0.000,...]
RESHAPE        0.003       [16,27]              values=[-2.752,-0.387,3.5655,-6.969,-0.916,...]
MATMUL_ND      4.939       [1,102400,16]        values=[-inf,-nan,329.25,23696.,inf,...]
ADD            15.217      [1,102400,16]        values=[-65504,-65504,-6460.,23696.,65504.,...]
RESHAPE        0.806       [1,320,320,16]       values=[-65504,-65504,-6460.,23696.,65504.,...]
TRANSPOSE      3.928       [1,16,320,320]       values=[-65504,-65504,-65504,-65504,-65504,...]
SIGMOID        0.968       [1,16,320,320]       values=[0.0000,0.0000,0.0000,0.0000,0.0000,...]
MULTIPLY       1.510       [1,16,320,320]       values=[-0.000,-0.000,-0.000,-0.000,-0.000,...]
IM2COL         3.378       [1,25600,144]        values=[0.0000,0.0000,0.0000,0.0000,-0.000,...]
RESHAPE        0.010       [32,144]             values=[0.0099,0.0940,0.0476,0.0452,-0.110,...]
MATMUL_ND      4.325       [1,25600,32]         values=[nan,nan,nan,-nan,nan,...]
ADD            7.446       [1,25600,32]         values=[-65504,-65504,-65504,-65504,-65504,...]
RESHAPE        0.295       [1,160,160,32]       values=[-65504,-65504,-65504,-65504,-65504,...]
TRANSPOSE      3.893       [1,32,160,160]       values=[-65504,-65504,-65504,-65504,-65504,...]
SIGMOID        0.512       [1,32,160,160]       values=[0.0000,0.0000,0.0000,0.0000,0.0000,...]
MULTIPLY       0.609       [1,32,160,160]       values=[-0.000,-0.000,-0.000,-0.000,-0.000,...]
IM2COL         1.532       [1,25600,32]         values=[-0.000,-0.000,-0.000,-0.000,-0.000,...]
RESHAPE        0.003       [32,32]              values=[0.0193,0.3801,0.1696,0.0635,0.0680,...]
MATMUL_ND      2.343       [1,25600,32]         values=[-2864.,inf,inf,-nan,-nan,...]
ADD            7.439       [1,25600,32]         values=[-5744.,65504.,65504.,-65504,-65504,...]
RESHAPE        0.289       [1,160,160,32]       values=[-5744.,65504.,65504.,-65504,-65504,...]
TRANSPOSE      3.961       [1,32,160,160]       values=[-5744.,-2878.,-2878.,65504.,-2878.,...]
SIGMOID        0.521       [1,32,160,160]       values=[0.0000,0.0000,0.0000,1.0000,0.0000,...]
MULTIPLY       0.633       [1,32,160,160]       values=[-0.000,-0.000,-0.000,65504.,-0.000,...]
SLICE          0.173       [1,16,160,160]       values=[-0.000,-0.000,-0.000,65504.,-0.000,...]
SLICE          0.149       [1,16,160,160]       values=[65504.,-0.000,-0.000,-0.000,-0.000,...]
IM2COL         3.048       [1,25600,144]        values=[0.0000,0.0000,0.0000,0.0000,65504.,...]
RESHAPE        0.007       [8,144]              values=[-0.002,0.0088,0.0028,-0.003,0.0842,...]
MATMUL_ND      2.440       [1,25600,8]          values=[-nan,-nan,-nan,-nan,-nan,...]
ADD            1.874       [1,25600,8]          values=[-65504,-65504,-65504,-65504,-65504,...]
RESHAPE        0.087       [1,160,160,8]        values=[-65504,-65504,-65504,-65504,-65504,...]
TRANSPOSE      0.981       [1,8,160,160]        values=[-65504,-65504,-65504,-65504,-65504,...]
SIGMOID        0.225       [1,8,160,160]        values=[0.0000,0.0000,0.0000,0.0000,0.0000,...]
MULTIPLY       0.129       [1,8,160,160]        values=[-0.000,-0.000,-0.000,-0.000,-0.000,...]
IM2COL         2.757       [1,25600,72]         values=[0.0000,0.0000,0.0000,0.0000,-0.000,...]
RESHAPE        0.003       [16,72]              values=[-0.047,1.5142,-1.135,-0.109,3.3062,...]
MATMUL_ND      3.644       [1,25600,16]         values=[0.0000,nan,-nan,-nan,nan,...]
ADD            3.808       [1,25600,16]         values=[2000.0,-65504,-65504,-65504,-65504,...]
RESHAPE        0.158       [1,160,160,16]       values=[2000.0,-65504,-65504,-65504,-65504,...]
TRANSPOSE      1.009       [1,16,160,160]       values=[2000.0,2000.0,2000.0,2000.0,2000.0,...]
SIGMOID        0.266       [1,16,160,160]       values=[1.0000,1.0000,1.0000,1.0000,1.0000,...]
MULTIPLY       0.324       [1,16,160,160]       values=[2000.0,2000.0,2000.0,2000.0,2000.0,...]
ADD            0.360       [1,16,160,160]       values=[inf,2000.0,2000.0,2000.0,2000.0,...]
CONCAT         0.325       [1,32,160,160]       values=[-0.000,-0.000,-0.000,65504.,-0.000,...] weights=[65504.,-0.000,-0.000,-0.000,-0.000,...]
CONCAT         0.432       [1,48,160,160]       values=[-0.000,-0.000,-0.000,65504.,-0.000,...] weights=[inf,2000.0,2000.0,2000.0,2000.0,...]
IM2COL         2.839       [1,25600,48]         values=[-0.000,65504.,65504.,-0.000,-0.000,...]
RESHAPE        0.005       [64,48]              values=[0.0781,0.0118,0.0192,-0.008,0.0075,...]
MATMUL_ND      5.010       [1,25600,64]         values=[nan,nan,nan,nan,-nan,...]
ADD            14.713      [1,25600,64]         values=[-65504,-65504,-65504,-65504,-65504,...]
RESHAPE        0.784       [1,160,160,64]       values=[-65504,-65504,-65504,-65504,-65504,...]
TRANSPOSE      8.733       [1,64,160,160]       values=[-65504,-65504,-65504,-65504,-65504,...]
SIGMOID        1.190       [1,64,160,160]       values=[0.0000,0.0000,0.0000,0.0000,0.0000,...]
MULTIPLY       1.782       [1,64,160,160]       values=[-0.000,-0.000,-0.000,-0.000,-0.000,...]
IM2COL         9.671       [1,6400,576]         values=[0.0000,0.0000,0.0000,0.0000,-0.000,...]
RESHAPE        0.036       [64,576]             values=[0.0018,-0.022,0.0137,-0.003,-0.024,...]
MATMUL_ND      12.459      [1,6400,64]          values=[-nan,-nan,-nan,nan,nan,...]
ADD            3.669       [1,6400,64]          values=[-65504,-65504,-65504,-65504,-65504,...]
RESHAPE        0.144       [1,80,80,64]         values=[-65504,-65504,-65504,-65504,-65504,...]
TRANSPOSE      1.064       [1,64,80,80]         values=[-65504,-65504,-65504,-65504,-65504,...]
SIGMOID        0.293       [1,64,80,80]         values=[0.0000,0.0000,0.0000,0.0000,0.0000,...]
MULTIPLY       0.306       [1,64,80,80]         values=[-0.000,-0.000,-0.000,-0.000,-0.000,...]
IM2COL         2.302       [1,6400,64]          values=[-0.000,-0.000,-0.000,-0.000,-0.000,...]
RESHAPE        0.005       [64,64]              values=[-0.049,-0.157,0.0037,0.0609,0.0110,...]
MATMUL_ND      2.739       [1,6400,64]          values=[-nan,-nan,-nan,0.0000,-nan,...]
ADD            3.659       [1,6400,64]          values=[-65504,-65504,-65504,1.8134,-65504,...]
RESHAPE        0.151       [1,80,80,64]         values=[-65504,-65504,-65504,1.8134,-65504,...]
TRANSPOSE      1.130       [1,64,80,80]         values=[-65504,-65504,-65504,-65504,-65504,...]
SIGMOID        0.305       [1,64,80,80]         values=[0.0000,0.0000,0.0000,0.0000,0.0000,...]
MULTIPLY       0.324       [1,64,80,80]         values=[-0.000,-0.000,-0.000,-0.000,-0.000,...]
SLICE          0.086       [1,32,80,80]         values=[-0.000,-0.000,-0.000,-0.000,-0.000,...]
SLICE          0.078       [1,32,80,80]         values=[-0.000,-0.000,-0.000,-0.000,-0.000,...]
IM2COL         5.105       [1,6400,288]         values=[0.0000,0.0000,0.0000,0.0000,-0.000,...]
RESHAPE        0.007       [16,288]             values=[0.0040,0.0146,-0.014,-0.061,-0.001,...]
MATMUL_ND      1.903       [1,6400,16]          values=[nan,nan,-nan,-nan,-inf,...]
ADD            0.952       [1,6400,16]          values=[-65504,-65504,-65504,-65504,-65504,...]
RESHAPE        0.030       [1,80,80,16]         values=[-65504,-65504,-65504,-65504,-65504,...]
TRANSPOSE      0.265       [1,16,80,80]         values=[-65504,-65504,-65504,-65504,-65504,...]
SIGMOID        0.072       [1,16,80,80]         values=[0.0000,0.0000,0.0000,0.0000,0.0000,...]
MULTIPLY       0.051       [1,16,80,80]         values=[-0.000,-0.000,-0.000,-0.000,-0.000,...]
IM2COL         2.296       [1,6400,144]         values=[0.0000,0.0000,0.0000,0.0000,-0.000,...]
RESHAPE        0.006       [32,144]             values=[-0.053,0.0247,-0.027,-0.037,0.0080,...]
MATMUL_ND      2.099       [1,6400,32]          values=[0.0000,nan,-nan,-nan,-nan,...]
ADD            1.866       [1,6400,32]          values=[5.6953,-65504,-65504,-65504,-65504,...]
RESHAPE        0.091       [1,80,80,32]         values=[5.6953,-65504,-65504,-65504,-65504,...]
TRANSPOSE      0.516       [1,32,80,80]         values=[5.6953,5.6953,5.6953,5.6953,5.6953,...]
SIGMOID        0.119       [1,32,80,80]         values=[0.9965,0.9965,0.9965,0.9965,0.9965,...]
MULTIPLY       0.145       [1,32,80,80]         values=[5.6757,5.6757,5.6757,5.6757,5.6757,...]
ADD            0.189       [1,32,80,80]         values=[5.6757,5.6757,5.6757,5.6757,5.6757,...]
CONCAT         0.167       [1,64,80,80]         values=[-0.000,-0.000,-0.000,-0.000,-0.000,...] weights=[-0.000,-0.000,-0.000,-0.000,-0.000,...]
CONCAT         0.231       [1,96,80,80]         values=[-0.000,-0.000,-0.000,-0.000,-0.000,...] weights=[5.6757,5.6757,5.6757,5.6757,5.6757,...]
IM2COL         3.404       [1,6400,96]          values=[-0.000,-0.000,-0.000,1.5595,-0.000,...]
RESHAPE        0.013       [128,96]             values=[0.1264,-0.003,-0.090,-0.011,-0.008,...]
MATMUL_ND      6.563       [1,6400,128]         values=[353.75,-inf,-inf,nan,-inf,...]
ADD            7.269       [1,6400,128]         values=[353.75,-65504,-65504,-65504,-65504,...]
RESHAPE        0.272       [1,80,80,128]        values=[353.75,-65504,-65504,-65504,-65504,...]
TRANSPOSE      2.602       [1,128,80,80]        values=[353.75,353.75,353.75,353.75,353.75,...]
SIGMOID        0.599       [1,128,80,80]        values=[1.0000,1.0000,1.0000,1.0000,1.0000,...]
MULTIPLY       0.727       [1,128,80,80]        values=[353.75,353.75,353.75,353.75,353.75,...]
IM2COL         4.641       [1,1600,1152]        values=[0.0000,0.0000,0.0000,0.0000,353.75,...]
RESHAPE        0.161       [128,1152]           values=[-0.004,0.0111,-0.013,0.0535,0.0457,...]
MATMUL_ND      10.830      [1,1600,128]         values=[-nan,-nan,-nan,nan,-nan,...]
ADD            1.820       [1,1600,128]         values=[-65504,-65504,-65504,-65504,-65504,...]
RESHAPE        0.081       [1,40,40,128]        values=[-65504,-65504,-65504,-65504,-65504,...]
TRANSPOSE      0.546       [1,128,40,40]        values=[-65504,-65504,-65504,-65504,-65504,...]
SIGMOID        0.158       [1,128,40,40]        values=[0.0000,0.0000,0.0000,0.0000,0.0000,...]
MULTIPLY       0.126       [1,128,40,40]        values=[-0.000,-0.000,-0.000,-0.000,-0.000,...]
IM2COL         0.996       [1,1600,128]         values=[-0.000,-0.000,-0.000,-0.000,-0.000,...]
RESHAPE        0.015       [128,128]            values=[0.0160,-0.037,-0.130,0.1686,0.0657,...]
MATMUL_ND      1.895       [1,1600,128]         values=[-nan,0.0000,0.0000,0.0000,-nan,...]
ADD            1.815       [1,1600,128]         values=[-65504,1.9375,-0.000,-1.827,-65504,...]
RESHAPE        0.095       [1,40,40,128]        values=[-65504,1.9375,-0.000,-1.827,-65504,...]
TRANSPOSE      0.566       [1,128,40,40]        values=[-65504,-65504,-65504,-65504,-65504,...]
SIGMOID        0.180       [1,128,40,40]        values=[0.0000,0.0000,0.0000,0.0000,0.0000,...]
MULTIPLY       0.147       [1,128,40,40]        values=[-0.000,-0.000,-0.000,-0.000,-0.000,...]
SLICE          0.050       [1,64,40,40]         values=[-0.000,-0.000,-0.000,-0.000,-0.000,...]
SLICE          0.039       [1,64,40,40]         values=[-0.000,-0.000,-0.000,-0.000,-0.000,...]
IM2COL         0.512       [1,1600,64]          values=[-0.000,1.5292,-0.000,-0.242,-0.000,...]
RESHAPE        0.002       [32,64]              values=[-0.030,0.1415,0.4389,-0.242,-0.008,...]
MATMUL_ND      0.351       [1,1600,32]          values=[-nan,nan,-nan,nan,-nan,...]
ADD            0.464       [1,1600,32]          values=[-65504,-65504,-65504,-65504,-65504,...]
RESHAPE        0.010       [1,40,40,32]         values=[-65504,-65504,-65504,-65504,-65504,...]
TRANSPOSE      0.148       [1,32,40,40]         values=[-65504,-65504,-65504,-65504,-65504,...]
IM2COL         0.496       [1,1600,64]          values=[-0.000,1.5292,-0.000,-0.242,-0.000,...]
RESHAPE        0.003       [32,64]              values=[0.0751,0.1427,0.0813,0.0035,-0.087,...]
MATMUL_ND      0.349       [1,1600,32]          values=[-nan,-nan,nan,-nan,-inf,...]
ADD            0.475       [1,1600,32]          values=[-65504,-65504,-65504,-65504,-65504,...]
RESHAPE        0.020       [1,40,40,32]         values=[-65504,-65504,-65504,-65504,-65504,...]
TRANSPOSE      0.165       [1,32,40,40]         values=[-65504,-65504,-65504,-65504,-65504,...]
SIGMOID        0.072       [1,32,40,40]         values=[0.0000,0.0000,0.0000,0.0000,0.0000,...]
SIGMOID        0.067       [1,32,40,40]         values=[0.0000,0.0000,0.0000,0.0000,0.0000,...]
MULTIPLY       0.042       [1,32,40,40]         values=[-0.000,-0.000,-0.000,-0.000,-0.000,...]
MULTIPLY       0.036       [1,32,40,40]         values=[-0.000,-0.000,-0.000,-0.000,-0.000,...]
IM2COL         1.141       [1,1600,288]         values=[0.0000,0.0000,0.0000,0.0000,-0.000,...]
RESHAPE        0.012       [32,288]             values=[0.0440,-0.184,-0.285,0.1024,-0.287,...]
MATMUL_ND      0.857       [1,1600,32]          values=[-nan,nan,nan,-nan,nan,...]
ADD            0.464       [1,1600,32]          values=[-65504,-65504,-65504,-65504,-65504,...]
RESHAPE        0.020       [1,40,40,32]         values=[-65504,-65504,-65504,-65504,-65504,...]
TRANSPOSE      0.262       [1,32,40,40]         values=[-65504,-65504,-65504,-65504,-65504,...]
SIGMOID        0.068       [1,32,40,40]         values=[0.0000,0.0000,0.0000,0.0000,0.0000,...]
MULTIPLY       0.036       [1,32,40,40]         values=[-0.000,-0.000,-0.000,-0.000,-0.000,...]
IM2COL         1.151       [1,1600,288]         values=[0.0000,0.0000,0.0000,0.0000,-0.000,...]
RESHAPE        0.013       [32,288]             values=[-0.055,-0.006,0.0396,-0.036,-0.100,...]
MATMUL_ND      0.855       [1,1600,32]          values=[nan,-nan,nan,nan,nan,...]
ADD            0.464       [1,1600,32]          values=[-65504,-65504,-65504,-65504,-65504,...]
RESHAPE        0.024       [1,40,40,32]         values=[-65504,-65504,-65504,-65504,-65504,...]
TRANSPOSE      0.265       [1,32,40,40]         values=[-65504,-65504,-65504,-65504,-65504,...]
SIGMOID        0.071       [1,32,40,40]         values=[0.0000,0.0000,0.0000,0.0000,0.0000,...]
MULTIPLY       0.039       [1,32,40,40]         values=[-0.000,-0.000,-0.000,-0.000,-0.000,...]
ADD            0.052       [1,32,40,40]         values=[-0.000,-0.000,-0.000,-0.000,-0.000,...]
IM2COL         1.116       [1,1600,288]         values=[0.0000,0.0000,0.0000,0.0000,-0.000,...]
RESHAPE        0.010       [32,288]             values=[0.0324,-0.003,-0.062,-0.005,-0.166,...]
MATMUL_ND      0.878       [1,1600,32]          values=[nan,nan,nan,-nan,nan,...]
ADD            0.464       [1,1600,32]          values=[-65504,-65504,-65504,-65504,-65504,...]
RESHAPE        0.025       [1,40,40,32]         values=[-65504,-65504,-65504,-65504,-65504,...]
TRANSPOSE      0.265       [1,32,40,40]         values=[-65504,-65504,-65504,-65504,-65504,...]
SIGMOID        0.067       [1,32,40,40]         values=[0.0000,0.0000,0.0000,0.0000,0.0000,...]
MULTIPLY       0.033       [1,32,40,40]         values=[-0.000,-0.000,-0.000,-0.000,-0.000,...]
IM2COL         1.117       [1,1600,288]         values=[0.0000,0.0000,0.0000,0.0000,-0.000,...]
RESHAPE        0.009       [32,288]             values=[0.0299,0.2140,-0.020,-0.066,0.2845,...]
MATMUL_ND      0.869       [1,1600,32]          values=[-nan,nan,-nan,nan,-nan,...]
ADD            0.464       [1,1600,32]          values=[-65504,-65504,-65504,-65504,-65504,...]
RESHAPE        0.024       [1,40,40,32]         values=[-65504,-65504,-65504,-65504,-65504,...]
TRANSPOSE      0.268       [1,32,40,40]         values=[-65504,-65504,-65504,-65504,-65504,...]
SIGMOID        0.068       [1,32,40,40]         values=[0.0000,0.0000,0.0000,0.0000,0.0000,...]
MULTIPLY       0.035       [1,32,40,40]         values=[-0.000,-0.000,-0.000,-0.000,-0.000,...]
ADD            0.046       [1,32,40,40]         values=[-0.000,-0.000,-0.000,-0.000,-0.000,...]
CONCAT         0.047       [1,64,40,40]         values=[-0.000,-0.000,-0.000,-0.000,-0.000,...] weights=[-0.000,-0.000,-0.000,-0.000,-0.000,...]
IM2COL         0.512       [1,1600,64]          values=[-0.000,-0.000,-0.000,-0.000,-0.000,...]
RESHAPE        0.004       [64,64]              values=[0.3614,-0.214,0.0971,0.2055,0.3268,...]
MATMUL_ND      0.684       [1,1600,64]          values=[-nan,nan,nan,nan,nan,...]
ADD            0.912       [1,1600,64]          values=[-65504,-65504,-65504,-65504,-65504,...]
RESHAPE        0.044       [1,40,40,64]         values=[-65504,-65504,-65504,-65504,-65504,...]
TRANSPOSE      0.521       [1,64,40,40]         values=[-65504,-65504,-65504,-65504,-65504,...]
SIGMOID        0.120       [1,64,40,40]         values=[0.0000,0.0000,0.0000,0.0000,0.0000,...]
MULTIPLY       0.072       [1,64,40,40]         values=[-0.000,-0.000,-0.000,-0.000,-0.000,...]
CONCAT         0.104       [1,128,40,40]        values=[-0.000,-0.000,-0.000,-0.000,-0.000,...] weights=[-0.000,-0.000,-0.000,-0.000,-0.000,...]
CONCAT         0.134       [1,192,40,40]        values=[-0.000,-0.000,-0.000,-0.000,-0.000,...] weights=[-0.000,-0.000,-0.000,-0.000,-0.000,...]
IM2COL         1.501       [1,1600,192]         values=[-0.000,1.6933,-0.000,-0.253,-0.000,...]
RESHAPE        0.028       [128,192]            values=[0.0293,-0.006,-0.064,0.0349,-0.053,...]
MATMUL_ND      2.458       [1,1600,128]         values=[-nan,-nan,nan,inf,-nan,...]
ADD            1.815       [1,1600,128]         values=[-65504,-65504,-65504,65504.,-65504,...]
RESHAPE        0.097       [1,40,40,128]        values=[-65504,-65504,-65504,65504.,-65504,...]
TRANSPOSE      1.052       [1,128,40,40]        values=[-65504,-65504,-65504,-65504,-65504,...]
SIGMOID        0.160       [1,128,40,40]        values=[0.0000,0.0000,0.0000,0.0000,0.0000,...]
MULTIPLY       0.157       [1,128,40,40]        values=[-0.000,-0.000,-0.000,-0.000,-0.000,...]
IM2COL         1.156       [1,400,1152]         values=[0.0000,0.0000,0.0000,0.0000,-0.000,...]
RESHAPE        0.250       [256,1152]           values=[-0.027,0.0412,0.0156,0.0155,0.0034,...]
MATMUL_ND      5.440       [1,400,256]          values=[nan,-nan,-nan,-nan,nan,...]
ADD            0.905       [1,400,256]          values=[-65504,-65504,-65504,-65504,-65504,...]
RESHAPE        0.041       [1,20,20,256]        values=[-65504,-65504,-65504,-65504,-65504,...]
TRANSPOSE      0.512       [1,256,20,20]        values=[-65504,-65504,-65504,-65504,-65504,...]
SIGMOID        0.094       [1,256,20,20]        values=[0.0000,0.0000,0.0000,0.0000,0.0000,...]
MULTIPLY       0.060       [1,256,20,20]        values=[-0.000,-0.000,-0.000,-0.000,-0.000,...]
IM2COL         0.575       [1,400,256]          values=[-0.000,-0.000,-0.000,-0.000,-0.000,...]
RESHAPE        0.062       [256,256]            values=[0.0445,0.2587,-0.111,0.0064,-0.050,...]
MATMUL_ND      1.514       [1,400,256]          values=[-nan,0.0000,-nan,-nan,-nan,...]
ADD            0.901       [1,400,256]          values=[-65504,-1.807,-65504,-65504,-65504,...]
RESHAPE        0.042       [1,20,20,256]        values=[-65504,-1.807,-65504,-65504,-65504,...]
TRANSPOSE      0.514       [1,256,20,20]        values=[-65504,-65504,-65504,-65504,-65504,...]
SIGMOID        0.092       [1,256,20,20]        values=[0.0000,0.0000,0.0000,0.0000,0.0000,...]
MULTIPLY       0.065       [1,256,20,20]        values=[-0.000,-0.000,-0.000,-0.000,-0.000,...]
SLICE          0.020       [1,128,20,20]        values=[-0.000,-0.000,-0.000,-0.000,-0.000,...]
SLICE          0.017       [1,128,20,20]        values=[-0.000,-0.000,-0.000,-0.000,-0.000,...]
IM2COL         0.297       [1,400,128]          values=[-0.000,-0.000,-0.000,-0.000,-0.000,...]
RESHAPE        0.007       [64,128]             values=[-0.103,0.0928,-0.060,-0.039,-0.105,...]
MATMUL_ND      0.240       [1,400,64]           values=[nan,-nan,-nan,-nan,nan,...]
ADD            0.237       [1,400,64]           values=[-65504,-65504,-65504,-65504,-65504,...]
RESHAPE        0.004       [1,20,20,64]         values=[-65504,-65504,-65504,-65504,-65504,...]
TRANSPOSE      0.078       [1,64,20,20]         values=[-65504,-65504,-65504,-65504,-65504,...]
IM2COL         0.242       [1,400,128]          values=[-0.000,-0.000,-0.000,-0.000,-0.000,...]
RESHAPE        0.008       [64,128]             values=[-0.188,-0.230,0.0106,-0.279,0.1258,...]
MATMUL_ND      0.239       [1,400,64]           values=[nan,-nan,nan,-nan,nan,...]
ADD            0.229       [1,400,64]           values=[-65504,-65504,-65504,-65504,-65504,...]
RESHAPE        0.010       [1,20,20,64]         values=[-65504,-65504,-65504,-65504,-65504,...]
TRANSPOSE      0.102       [1,64,20,20]         values=[-65504,-65504,-65504,-65504,-65504,...]
SIGMOID        0.049       [1,64,20,20]         values=[0.0000,0.0000,0.0000,0.0000,0.0000,...]
SIGMOID        0.050       [1,64,20,20]         values=[0.0000,0.0000,0.0000,0.0000,0.0000,...]
MULTIPLY       0.025       [1,64,20,20]         values=[-0.000,-0.000,-0.000,-0.000,-0.000,...]
MULTIPLY       0.020       [1,64,20,20]         values=[-0.000,-0.000,-0.000,-0.000,-0.000,...]
IM2COL         0.578       [1,400,576]          values=[0.0000,0.0000,0.0000,0.0000,-0.000,...]
RESHAPE        0.046       [64,576]             values=[-0.053,-0.001,0.0042,-0.054,-0.084,...]
MATMUL_ND      0.744       [1,400,64]           values=[nan,nan,nan,-nan,nan,...]
ADD            0.228       [1,400,64]           values=[-65504,-65504,-65504,-65504,-65504,...]
RESHAPE        0.010       [1,20,20,64]         values=[-65504,-65504,-65504,-65504,-65504,...]
TRANSPOSE      0.140       [1,64,20,20]         values=[-65504,-65504,-65504,-65504,-65504,...]
SIGMOID        0.051       [1,64,20,20]         values=[0.0000,0.0000,0.0000,0.0000,0.0000,...]
MULTIPLY       0.019       [1,64,20,20]         values=[-0.000,-0.000,-0.000,-0.000,-0.000,...]
IM2COL         0.571       [1,400,576]          values=[0.0000,0.0000,0.0000,0.0000,-0.000,...]
RESHAPE        0.050       [64,576]             values=[0.0770,0.0174,-0.062,0.0369,0.0548,...]
MATMUL_ND      0.756       [1,400,64]           values=[-nan,-nan,-nan,nan,-nan,...]
ADD            0.229       [1,400,64]           values=[-65504,-65504,-65504,-65504,-65504,...]
RESHAPE        0.010       [1,20,20,64]         values=[-65504,-65504,-65504,-65504,-65504,...]
TRANSPOSE      0.143       [1,64,20,20]         values=[-65504,-65504,-65504,-65504,-65504,...]
SIGMOID        0.054       [1,64,20,20]         values=[0.0000,0.0000,0.0000,0.0000,0.0000,...]
MULTIPLY       0.023       [1,64,20,20]         values=[-0.000,-0.000,-0.000,-0.000,-0.000,...]
ADD            0.023       [1,64,20,20]         values=[-0.000,-0.000,-0.000,-0.000,-0.000,...]
IM2COL         0.576       [1,400,576]          values=[0.0000,0.0000,0.0000,0.0000,-0.000,...]
RESHAPE        0.050       [64,576]             values=[-0.006,-0.030,0.0238,0.0179,-0.010,...]
MATMUL_ND      0.752       [1,400,64]           values=[nan,nan,-nan,-nan,-nan,...]
ADD            0.228       [1,400,64]           values=[-65504,-65504,-65504,-65504,-65504,...]
RESHAPE        0.010       [1,20,20,64]         values=[-65504,-65504,-65504,-65504,-65504,...]
TRANSPOSE      0.145       [1,64,20,20]         values=[-65504,-65504,-65504,-65504,-65504,...]
SIGMOID        0.050       [1,64,20,20]         values=[0.0000,0.0000,0.0000,0.0000,0.0000,...]
MULTIPLY       0.024       [1,64,20,20]         values=[-0.000,-0.000,-0.000,-0.000,-0.000,...]
IM2COL         0.574       [1,400,576]          values=[0.0000,0.0000,0.0000,0.0000,-0.000,...]
RESHAPE        0.049       [64,576]             values=[0.0124,0.0132,0.0233,-0.028,-0.032,...]
MATMUL_ND      0.766       [1,400,64]           values=[-nan,nan,-nan,nan,nan,...]
ADD            0.229       [1,400,64]           values=[-65504,-65504,-65504,-65504,-65504,...]
RESHAPE        0.010       [1,20,20,64]         values=[-65504,-65504,-65504,-65504,-65504,...]
TRANSPOSE      0.141       [1,64,20,20]         values=[-65504,-65504,-65504,-65504,-65504,...]
SIGMOID        0.053       [1,64,20,20]         values=[0.0000,0.0000,0.0000,0.0000,0.0000,...]
MULTIPLY       0.024       [1,64,20,20]         values=[-0.000,-0.000,-0.000,-0.000,-0.000,...]
ADD            0.021       [1,64,20,20]         values=[-0.000,-0.000,-0.000,-0.000,-0.000,...]
CONCAT         0.023       [1,128,20,20]        values=[-0.000,-0.000,-0.000,-0.000,-0.000,...] weights=[-0.000,-0.000,-0.000,-0.000,-0.000,...]
IM2COL         0.298       [1,400,128]          values=[-0.000,-0.000,-0.000,-0.000,-0.000,...]
RESHAPE        0.020       [128,128]            values=[-0.075,0.0147,-0.021,-0.027,-0.047,...]
MATMUL_ND      0.474       [1,400,128]          values=[-nan,-nan,-nan,-nan,-nan,...]
ADD            0.452       [1,400,128]          values=[-65504,-65504,-65504,-65504,-65504,...]
RESHAPE        0.027       [1,20,20,128]        values=[-65504,-65504,-65504,-65504,-65504,...]
TRANSPOSE      0.265       [1,128,20,20]        values=[-65504,-65504,-65504,-65504,-65504,...]
SIGMOID        0.067       [1,128,20,20]        values=[0.0000,0.0000,0.0000,0.0000,0.0000,...]
MULTIPLY       0.038       [1,128,20,20]        values=[-0.000,-0.000,-0.000,-0.000,-0.000,...]
CONCAT         0.058       [1,256,20,20]        values=[-0.000,-0.000,-0.000,-0.000,-0.000,...] weights=[-0.000,-0.000,-0.000,-0.000,-0.000,...]
CONCAT         0.069       [1,384,20,20]        values=[-0.000,-0.000,-0.000,-0.000,-0.000,...] weights=[-0.000,-0.000,-0.000,-0.000,-0.000,...]
IM2COL         0.914       [1,400,384]          values=[-0.000,-0.254,-0.000,-0.000,-0.000,...]
RESHAPE        0.104       [256,384]            values=[-0.011,-0.062,0.0369,-0.009,0.0678,...]
MATMUL_ND      2.157       [1,400,256]          values=[-nan,nan,-nan,nan,nan,...]
ADD            0.901       [1,400,256]          values=[-65504,-65504,-65504,-65504,-65504,...]
RESHAPE        0.047       [1,20,20,256]        values=[-65504,-65504,-65504,-65504,-65504,...]
TRANSPOSE      0.513       [1,256,20,20]        values=[-65504,-65504,-65504,-65504,-65504,...]
SIGMOID        0.096       [1,256,20,20]        values=[0.0000,0.0000,0.0000,0.0000,0.0000,...]
MULTIPLY       0.085       [1,256,20,20]        values=[-0.000,-0.000,-0.000,-0.000,-0.000,...]
IM2COL         0.559       [1,400,256]          values=[-0.000,-0.000,-0.000,-0.000,-0.000,...]
RESHAPE        0.038       [128,256]            values=[0.0120,-0.153,0.0709,0.1349,-0.053,...]
MATMUL_ND      0.769       [1,400,128]          values=[-nan,nan,-nan,nan,-nan,...]
ADD            0.454       [1,400,128]          values=[-65504,-65504,-65504,-65504,-65504,...]
RESHAPE        0.022       [1,20,20,128]        values=[-65504,-65504,-65504,-65504,-65504,...]
TRANSPOSE      0.144       [1,128,20,20]        values=[-65504,-65504,-65504,-65504,-65504,...]
SIGMOID        0.069       [1,128,20,20]        values=[0.0000,0.0000,0.0000,0.0000,0.0000,...]
MULTIPLY       0.038       [1,128,20,20]        values=[-0.000,-0.000,-0.000,-0.000,-0.000,...]
MAXPOOL        1.434       [1,128,20,20]        values=[-0.000,-0.000,-0.000,-0.000,-0.000,...]
MAXPOOL        1.443       [1,128,20,20]        values=[-0.000,-0.000,-0.000,-0.000,-0.000,...]
MAXPOOL        0.747       [1,128,20,20]        values=[-0.000,-0.000,-0.000,-0.000,-0.000,...]
CONCAT         0.037       [1,256,20,20]        values=[-0.000,-0.000,-0.000,-0.000,-0.000,...] weights=[-0.000,-0.000,-0.000,-0.000,-0.000,...]
CONCAT         0.063       [1,384,20,20]        values=[-0.000,-0.000,-0.000,-0.000,-0.000,...] weights=[-0.000,-0.000,-0.000,-0.000,-0.000,...]
CONCAT         0.085       [1,512,20,20]        values=[-0.000,-0.000,-0.000,-0.000,-0.000,...] weights=[-0.000,-0.000,-0.000,-0.000,-0.000,...]
IM2COL         1.210       [1,400,512]          values=[-0.000,-0.000,-0.000,-0.000,-0.000,...]
RESHAPE        0.118       [256,512]            values=[0.0421,0.1681,-0.090,0.0093,-0.022,...]
MATMUL_ND      2.767       [1,400,256]          values=[-nan,-nan,-nan,-nan,-nan,...]
ADD            0.905       [1,400,256]          values=[-65504,-65504,-65504,-65504,-65504,...]
RESHAPE        0.046       [1,20,20,256]        values=[-65504,-65504,-65504,-65504,-65504,...]
TRANSPOSE      0.538       [1,256,20,20]        values=[-65504,-65504,-65504,-65504,-65504,...]
SIGMOID        0.101       [1,256,20,20]        values=[0.0000,0.0000,0.0000,0.0000,0.0000,...]
MULTIPLY       0.063       [1,256,20,20]        values=[-0.000,-0.000,-0.000,-0.000,-0.000,...]
IM2COL         0.583       [1,400,256]          values=[-0.000,-0.000,-0.000,-0.000,-0.000,...]
RESHAPE        0.077       [256,256]            values=[-0.358,-0.619,-0.072,-0.574,0.4707,...]
MATMUL_ND      1.569       [1,400,256]          values=[nan,nan,-nan,-nan,-nan,...]
ADD            0.904       [1,400,256]          values=[-65504,-65504,-65504,-65504,-65504,...]
RESHAPE        0.047       [1,20,20,256]        values=[-65504,-65504,-65504,-65504,-65504,...]
TRANSPOSE      0.511       [1,256,20,20]        values=[-65504,-65504,-65504,-65504,-65504,...]
SIGMOID        0.116       [1,256,20,20]        values=[0.0000,0.0000,0.0000,0.0000,0.0000,...]
MULTIPLY       0.076       [1,256,20,20]        values=[-0.000,-0.000,-0.000,-0.000,-0.000,...]
SLICE          0.024       [1,128,20,20]        values=[-0.000,-0.000,-0.000,-0.000,-0.000,...]
SLICE          0.020       [1,128,20,20]        values=[-0.000,-0.000,-0.000,-0.000,-0.000,...]
IM2COL         0.296       [1,400,128]          values=[-0.000,-0.000,-0.000,-0.000,-0.000,...]
RESHAPE        0.033       [256,128]            values=[0.0625,0.1298,0.0324,0.1176,-0.077,...]
MATMUL_ND      0.966       [1,400,256]          values=[nan,nan,-nan,nan,nan,...]
ADD            0.901       [1,400,256]          values=[-65504,-65504,-65504,-65504,-65504,...]
RESHAPE        0.047       [1,20,20,256]        values=[-65504,-65504,-65504,-65504,-65504,...]
TRANSPOSE      0.518       [1,256,20,20]        values=[-65504,-65504,-65504,-65504,-65504,...]
RESHAPE        0.040       [1,2,128,400]        values=[-65504,-65504,-65504,-65504,-65504,...]
SLICE          0.010       [1,2,32,400]         values=[-65504,-65504,-65504,-65504,-65504,...]
SLICE          0.010       [1,2,32,400]         values=[-65504,-65504,-65504,-65504,-65504,...]
SLICE          0.023       [1,2,64,400]         values=[-65504,-65504,-65504,-65504,-65504,...]
TRANSPOSE      0.140       [1,2,400,32]         values=[-65504,-65504,-65504,-65504,-65504,...]
RESHAPE        0.023       [1,128,20,20]        values=[-65504,-65504,-65504,-65504,-65504,...]
MATMUL_ND      0.899       [1,2,400,400]        values=[inf,inf,inf,inf,inf,...]
CONV2D         0.839       [1,128,20,20]        values=[inf,-inf,-inf,-inf,-inf,...]
MULTIPLY       3.213       [1,2,400,400]        values=[inf,inf,inf,inf,inf,...]
SOFTMAX        0.903       [1,2,400,400]        values=[nan,nan,nan,nan,nan,...]
TRANSPOSE      0.818       [1,2,400,400]        values=[nan,nan,nan,nan,nan,...]
MATMUL_ND      0.823       [1,2,64,400]         values=[nan,nan,nan,nan,nan,...]
RESHAPE        0.018       [1,128,20,20]        values=[nan,nan,nan,nan,nan,...]
ADD            0.062       [1,128,20,20]        values=[nan,nan,nan,nan,nan,...]
IM2COL         0.272       [1,400,128]          values=[nan,nan,nan,nan,nan,...]
RESHAPE        0.020       [128,128]            values=[-0.141,-0.046,-0.018,-0.104,0.0086,...]
MATMUL_ND      0.479       [1,400,128]          values=[nan,nan,nan,nan,nan,...]
ADD            0.453       [1,400,128]          values=[-65504,-65504,-65504,-65504,-65504,...]
RESHAPE        0.026       [1,20,20,128]        values=[-65504,-65504,-65504,-65504,-65504,...]
TRANSPOSE      0.152       [1,128,20,20]        values=[-65504,-65504,-65504,-65504,-65504,...]
ADD            0.051       [1,128,20,20]        values=[-65504,-65504,-65504,-65504,-65504,...]
IM2COL         0.275       [1,400,128]          values=[-65504,-65504,-65504,-65504,-65504,...]
RESHAPE        0.040       [256,128]            values=[-0.025,-0.172,-0.051,-0.083,0.1498,...]
MATMUL_ND      0.953       [1,400,256]          values=[nan,nan,-nan,nan,nan,...]
ADD            0.901       [1,400,256]          values=[-65504,-65504,-65504,-65504,-65504,...]
RESHAPE        0.051       [1,20,20,256]        values=[-65504,-65504,-65504,-65504,-65504,...]
TRANSPOSE      0.518       [1,256,20,20]        values=[-65504,-65504,-65504,-65504,-65504,...]
SIGMOID        0.115       [1,256,20,20]        values=[0.0000,0.0000,0.0000,0.0000,0.0000,...]
MULTIPLY       0.086       [1,256,20,20]        values=[-0.000,-0.000,-0.000,-0.000,-0.000,...]
IM2COL         0.580       [1,400,256]          values=[-0.000,-0.000,-0.000,-0.000,-0.000,...]
RESHAPE        0.037       [128,256]            values=[0.3368,-0.114,-0.464,0.0958,0.0603,...]
MATMUL_ND      0.766       [1,400,128]          values=[nan,-nan,-nan,-nan,-nan,...]
ADD            0.453       [1,400,128]          values=[-65504,-65504,-65504,-65504,-65504,...]
RESHAPE        0.025       [1,20,20,128]        values=[-65504,-65504,-65504,-65504,-65504,...]
TRANSPOSE      0.260       [1,128,20,20]        values=[-65504,-65504,-65504,-65504,-65504,...]
ADD            0.038       [1,128,20,20]        values=[-inf,-inf,-inf,-inf,-inf,...]
CONCAT         0.047       [1,256,20,20]        values=[-0.000,-0.000,-0.000,-0.000,-0.000,...] weights=[-inf,-inf,-inf,-inf,-inf,...]
IM2COL         0.600       [1,400,256]          values=[-0.000,-0.000,-0.000,-0.000,-0.000,...]
RESHAPE        0.075       [256,256]            values=[0.0260,-0.094,0.0274,0.0796,0.1808,...]
MATMUL_ND      1.529       [1,400,256]          values=[nan,nan,-nan,nan,nan,...]
ADD            0.909       [1,400,256]          values=[-65504,-65504,-65504,-65504,-65504,...]
RESHAPE        0.047       [1,20,20,256]        values=[-65504,-65504,-65504,-65504,-65504,...]
TRANSPOSE      0.514       [1,256,20,20]        values=[-65504,-65504,-65504,-65504,-65504,...]
SIGMOID        0.116       [1,256,20,20]        values=[0.0000,0.0000,0.0000,0.0000,0.0000,...]
MULTIPLY       0.074       [1,256,20,20]        values=[-0.000,-0.000,-0.000,-0.000,-0.000,...]
RESHAPE        0.043       [256,20,20]          values=[-0.000,-0.000,-0.000,-0.000,-0.000,...]
RESIZE         1.536       [256,40,40]          values=[-0.000,-0.000,-0.000,-0.000,-0.000,...]
RESHAPE        0.173       [1,256,40,40]        values=[-0.000,-0.000,-0.000,-0.000,-0.000,...]
CONCAT         0.259       [1,384,40,40]        values=[-0.000,-0.000,-0.000,-0.000,-0.000,...] weights=[-0.000,-0.000,-0.000,-0.000,-0.000,...]
IM2COL         3.254       [1,1600,384]         values=[-0.000,-0.000,-0.000,-0.000,-0.000,...]
RESHAPE        0.054       [128,384]            values=[-0.348,-0.087,0.0966,0.0205,-0.002,...]
MATMUL_ND      4.268       [1,1600,128]         values=[nan,nan,-nan,nan,nan,...]
ADD            1.817       [1,1600,128]         values=[-65504,-65504,-65504,-65504,-65504,...]
RESHAPE        0.087       [1,40,40,128]        values=[-65504,-65504,-65504,-65504,-65504,...]
TRANSPOSE      1.017       [1,128,40,40]        values=[-65504,-65504,-65504,-65504,-65504,...]
SIGMOID        0.221       [1,128,40,40]        values=[0.0000,0.0000,0.0000,0.0000,0.0000,...]
MULTIPLY       0.146       [1,128,40,40]        values=[-0.000,-0.000,-0.000,-0.000,-0.000,...]
SLICE          0.055       [1,64,40,40]         values=[-0.000,-0.000,-0.000,-0.000,-0.000,...]
SLICE          0.047       [1,64,40,40]         values=[-0.000,-0.000,-0.000,-0.000,-0.000,...]
IM2COL         2.230       [1,1600,576]         values=[0.0000,0.0000,0.0000,0.0000,-0.000,...]
RESHAPE        0.017       [32,576]             values=[0.0256,-0.046,0.1356,-0.056,-0.179,...]
MATMUL_ND      1.588       [1,1600,32]          values=[nan,nan,-nan,-nan,nan,...]
ADD            0.464       [1,1600,32]          values=[-65504,-65504,-65504,-65504,-65504,...]
RESHAPE        0.020       [1,40,40,32]         values=[-65504,-65504,-65504,-65504,-65504,...]
TRANSPOSE      0.256       [1,32,40,40]         values=[-65504,-65504,-65504,-65504,-65504,...]
SIGMOID        0.062       [1,32,40,40]         values=[0.0000,0.0000,0.0000,0.0000,0.0000,...]
MULTIPLY       0.029       [1,32,40,40]         values=[-0.000,-0.000,-0.000,-0.000,-0.000,...]
IM2COL         1.123       [1,1600,288]         values=[0.0000,0.0000,0.0000,0.0000,-0.000,...]
RESHAPE        0.017       [64,288]             values=[0.0027,0.0496,0.1208,-0.139,-0.092,...]
MATMUL_ND      1.753       [1,1600,64]          values=[-nan,-nan,-nan,nan,nan,...]
ADD            0.912       [1,1600,64]          values=[-65504,-65504,-65504,-65504,-65504,...]
RESHAPE        0.043       [1,40,40,64]         values=[-65504,-65504,-65504,-65504,-65504,...]
TRANSPOSE      0.500       [1,64,40,40]         values=[-65504,-65504,-65504,-65504,-65504,...]
SIGMOID        0.114       [1,64,40,40]         values=[0.0000,0.0000,0.0000,0.0000,0.0000,...]
MULTIPLY       0.064       [1,64,40,40]         values=[-0.000,-0.000,-0.000,-0.000,-0.000,...]
ADD            0.088       [1,64,40,40]         values=[-0.000,-0.000,-0.000,-0.000,-0.000,...]
CONCAT         0.104       [1,128,40,40]        values=[-0.000,-0.000,-0.000,-0.000,-0.000,...] weights=[-0.000,-0.000,-0.000,-0.000,-0.000,...]
CONCAT         0.136       [1,192,40,40]        values=[-0.000,-0.000,-0.000,-0.000,-0.000,...] weights=[-0.000,-0.000,-0.000,-0.000,-0.000,...]
IM2COL         1.492       [1,1600,192]         values=[-0.000,-0.000,-0.000,-0.000,-0.000,...]
RESHAPE        0.028       [128,192]            values=[-0.125,-0.118,-0.257,-0.075,0.0426,...]
MATMUL_ND      2.473       [1,1600,128]         values=[-nan,nan,nan,nan,nan,...]
ADD            1.816       [1,1600,128]         values=[-65504,-65504,-65504,-65504,-65504,...]
RESHAPE        0.097       [1,40,40,128]        values=[-65504,-65504,-65504,-65504,-65504,...]
TRANSPOSE      1.014       [1,128,40,40]        values=[-65504,-65504,-65504,-65504,-65504,...]
SIGMOID        0.218       [1,128,40,40]        values=[0.0000,0.0000,0.0000,0.0000,0.0000,...]
MULTIPLY       0.134       [1,128,40,40]        values=[-0.000,-0.000,-0.000,-0.000,-0.000,...]
RESHAPE        0.109       [128,40,40]          values=[-0.000,-0.000,-0.000,-0.000,-0.000,...]
RESIZE         2.194       [128,80,80]          values=[-0.000,-0.000,-0.000,-0.000,-0.000,...]
RESHAPE        0.316       [1,128,80,80]        values=[-0.000,-0.000,-0.000,-0.000,-0.000,...]
CONCAT         0.577       [1,256,80,80]        values=[-0.000,-0.000,-0.000,-0.000,-0.000,...] weights=[353.75,353.75,353.75,353.75,353.75,...]
IM2COL         9.347       [1,6400,256]         values=[-0.000,-0.000,-0.000,-0.000,-0.000,...]
RESHAPE        0.019       [64,256]             values=[-0.166,0.2063,0.1137,-0.175,-0.133,...]
MATMUL_ND      6.314       [1,6400,64]          values=[nan,nan,-nan,-nan,nan,...]
ADD            3.672       [1,6400,64]          values=[-65504,-65504,-65504,-65504,-65504,...]
RESHAPE        0.143       [1,80,80,64]         values=[-65504,-65504,-65504,-65504,-65504,...]
TRANSPOSE      2.014       [1,64,80,80]         values=[-65504,-65504,-65504,-65504,-65504,...]
SIGMOID        0.424       [1,64,80,80]         values=[0.0000,0.0000,0.0000,0.0000,0.0000,...]
MULTIPLY       0.286       [1,64,80,80]         values=[-0.000,-0.000,-0.000,-0.000,-0.000,...]
SLICE          0.088       [1,32,80,80]         values=[-0.000,-0.000,-0.000,-0.000,-0.000,...]
SLICE          0.082       [1,32,80,80]         values=[-0.000,-0.000,-0.000,-0.000,-0.000,...]
IM2COL         5.056       [1,6400,288]         values=[0.0000,0.0000,0.0000,0.0000,-0.000,...]
RESHAPE        0.007       [16,288]             values=[-0.054,-0.034,0.0086,-0.021,-0.278,...]
MATMUL_ND      1.889       [1,6400,16]          values=[nan,-nan,-nan,nan,nan,...]
ADD            1.011       [1,6400,16]          values=[-65504,-65504,-65504,-65504,-65504,...]
RESHAPE        0.032       [1,80,80,16]         values=[-65504,-65504,-65504,-65504,-65504,...]
TRANSPOSE      0.497       [1,16,80,80]         values=[-65504,-65504,-65504,-65504,-65504,...]
SIGMOID        0.116       [1,16,80,80]         values=[0.0000,0.0000,0.0000,0.0000,0.0000,...]
MULTIPLY       0.054       [1,16,80,80]         values=[-0.000,-0.000,-0.000,-0.000,-0.000,...]
IM2COL         2.292       [1,6400,144]         values=[0.0000,0.0000,0.0000,0.0000,-0.000,...]
RESHAPE        0.006       [32,144]             values=[0.0553,0.2312,0.0992,-0.270,-0.242,...]
MATMUL_ND      2.089       [1,6400,32]          values=[nan,-nan,-nan,nan,-nan,...]
ADD            1.865       [1,6400,32]          values=[-65504,-65504,-65504,-65504,-65504,...]
RESHAPE        0.058       [1,80,80,32]         values=[-65504,-65504,-65504,-65504,-65504,...]
TRANSPOSE      0.975       [1,32,80,80]         values=[-65504,-65504,-65504,-65504,-65504,...]
SIGMOID        0.218       [1,32,80,80]         values=[0.0000,0.0000,0.0000,0.0000,0.0000,...]
MULTIPLY       0.152       [1,32,80,80]         values=[-0.000,-0.000,-0.000,-0.000,-0.000,...]
ADD            0.186       [1,32,80,80]         values=[-0.000,-0.000,-0.000,-0.000,-0.000,...]
CONCAT         0.225       [1,64,80,80]         values=[-0.000,-0.000,-0.000,-0.000,-0.000,...] weights=[-0.000,-0.000,-0.000,-0.000,-0.000,...]
CONCAT         0.236       [1,96,80,80]         values=[-0.000,-0.000,-0.000,-0.000,-0.000,...] weights=[-0.000,-0.000,-0.000,-0.000,-0.000,...]
IM2COL         3.410       [1,6400,96]          values=[-0.000,-0.000,-0.000,-0.000,-0.000,...]
RESHAPE        0.007       [64,96]              values=[-0.039,0.0852,0.0364,0.0881,0.0342,...]
MATMUL_ND      3.301       [1,6400,64]          values=[nan,nan,-nan,nan,-nan,...]
ADD            3.652       [1,6400,64]          values=[-65504,-65504,-65504,-65504,-65504,...]
RESHAPE        0.152       [1,80,80,64]         values=[-65504,-65504,-65504,-65504,-65504,...]
TRANSPOSE      2.007       [1,64,80,80]         values=[-65504,-65504,-65504,-65504,-65504,...]
SIGMOID        0.426       [1,64,80,80]         values=[0.0000,0.0000,0.0000,0.0000,0.0000,...]
MULTIPLY       0.321       [1,64,80,80]         values=[-0.000,-0.000,-0.000,-0.000,-0.000,...]
IM2COL         2.861       [1,1600,576]         values=[0.0000,0.0000,0.0000,0.0000,-0.000,...]
RESHAPE        0.048       [64,576]             values=[0.0741,0.0166,-0.049,0.0917,0.1030,...]
MATMUL_ND      3.069       [1,1600,64]          values=[-nan,-nan,nan,nan,nan,...]
ADD            0.915       [1,1600,64]          values=[-65504,-65504,-65504,-65504,-65504,...]
RESHAPE        0.034       [1,40,40,64]         values=[-65504,-65504,-65504,-65504,-65504,...]
TRANSPOSE      0.498       [1,64,40,40]         values=[-65504,-65504,-65504,-65504,-65504,...]
IM2COL         9.086       [1,6400,576]         values=[0.0000,0.0000,0.0000,0.0000,-0.000,...]
RESHAPE        0.060       [64,576]             values=[-0.002,-0.066,-0.037,0.0681,0.1591,...]
MATMUL_ND      12.237      [1,6400,64]          values=[nan,nan,-nan,-nan,nan,...]
ADD            3.670       [1,6400,64]          values=[-65504,-65504,-65504,-65504,-65504,...]
RESHAPE        0.140       [1,80,80,64]         values=[-65504,-65504,-65504,-65504,-65504,...]
TRANSPOSE      1.963       [1,64,80,80]         values=[-65504,-65504,-65504,-65504,-65504,...]
CONV2D         6.719       [1,64,80,80]         values=[-1812.,-1812.,-1812.,-1812.,-1812.,...]
SIGMOID        0.124       [1,64,40,40]         values=[0.0000,0.0000,0.0000,0.0000,0.0000,...]
SIGMOID        0.430       [1,64,80,80]         values=[0.0000,0.0000,0.0000,0.0000,0.0000,...]
SIGMOID        0.422       [1,64,80,80]         values=[0.0000,0.0000,0.0000,0.0000,0.0000,...]
MULTIPLY       0.081       [1,64,40,40]         values=[-0.000,-0.000,-0.000,-0.000,-0.000,...]
MULTIPLY       0.359       [1,64,80,80]         values=[-0.000,-0.000,-0.000,-0.000,-0.000,...]
MULTIPLY       0.380       [1,64,80,80]         values=[-0.000,-0.000,-0.000,-0.000,-0.000,...]
CONCAT         0.132       [1,192,40,40]        values=[-0.000,-0.000,-0.000,-0.000,-0.000,...] weights=[-0.000,-0.000,-0.000,-0.000,-0.000,...]
IM2COL         9.921       [1,6400,576]         values=[0.0000,0.0000,0.0000,0.0000,-0.000,...]
RESHAPE        0.048       [64,576]             values=[0.0606,0.0331,0.0197,0.0178,0.0412,...]
MATMUL_ND      12.218      [1,6400,64]          values=[nan,nan,-nan,-nan,-nan,...]
ADD            3.674       [1,6400,64]          values=[-65504,-65504,-65504,-65504,-65504,...]
RESHAPE        0.149       [1,80,80,64]         values=[-65504,-65504,-65504,-65504,-65504,...]
TRANSPOSE      1.980       [1,64,80,80]         values=[-65504,-65504,-65504,-65504,-65504,...]
IM2COL         2.297       [1,6400,64]          values=[-0.000,1.3095,0.0000,1.7871,-0.271,...]
RESHAPE        0.006       [80,64]              values=[0.0433,0.0889,-0.049,0.0808,0.0957,...]
MATMUL_ND      3.412       [1,6400,80]          values=[nan,nan,nan,nan,nan,...]
ADD            4.556       [1,6400,80]          values=[-65504,-65504,-65504,-65504,-65504,...]
RESHAPE        0.199       [1,80,80,80]         values=[-65504,-65504,-65504,-65504,-65504,...]
TRANSPOSE      2.558       [1,80,80,80]         values=[-65504,-65504,-65504,-65504,-65504,...]
IM2COL         1.513       [1,1600,192]         values=[-0.000,-0.000,-0.000,-0.000,-0.000,...]
RESHAPE        0.030       [128,192]            values=[0.1319,-0.028,0.0577,0.2198,0.6850,...]
MATMUL_ND      2.506       [1,1600,128]         values=[-nan,nan,-nan,nan,nan,...]
ADD            1.809       [1,1600,128]         values=[-65504,-65504,-65504,-65504,-65504,...]
RESHAPE        0.093       [1,40,40,128]        values=[-65504,-65504,-65504,-65504,-65504,...]
TRANSPOSE      1.030       [1,128,40,40]        values=[-65504,-65504,-65504,-65504,-65504,...]
SIGMOID        0.430       [1,64,80,80]         values=[0.0000,0.0000,0.0000,0.0000,0.0000,...]
SIGMOID        0.584       [1,80,80,80]         values=[0.0000,0.0000,0.0000,0.0000,0.0000,...]
SIGMOID        0.221       [1,128,40,40]        values=[0.0000,0.0000,0.0000,0.0000,0.0000,...]
MULTIPLY       0.364       [1,64,80,80]         values=[-0.000,-0.000,-0.000,-0.000,-0.000,...]
MULTIPLY       0.475       [1,80,80,80]         values=[-0.000,-0.000,-0.000,-0.000,-0.000,...]
MULTIPLY       0.157       [1,128,40,40]        values=[-0.000,-0.000,-0.000,-0.000,-0.000,...]
IM2COL         2.311       [1,6400,64]          values=[-0.000,-0.000,-0.000,-0.000,-0.000,...]
RESHAPE        0.005       [64,64]              values=[-0.068,0.0194,0.0196,0.0269,-0.013,...]
MATMUL_ND      2.739       [1,6400,64]          values=[0.0000,0.0000,0.0000,0.0000,0.0000,...]
ADD            3.653       [1,6400,64]          values=[0.0000,2.0214,0.0000,2.0332,-2.000,...]
RESHAPE        0.153       [1,80,80,64]         values=[0.0000,2.0214,0.0000,2.0332,-2.000,...]
TRANSPOSE      2.029       [1,64,80,80]         values=[0.0000,0.0000,0.0000,0.0000,0.0000,...]
CONV2D         7.423       [1,80,80,80]         values=[9.2656,9.2656,9.2656,9.2656,9.2656,...]
SLICE          0.052       [1,64,40,40]         values=[-0.000,-0.000,-0.000,-0.000,-0.000,...]
SLICE          0.045       [1,64,40,40]         values=[-0.000,-0.000,-0.000,-0.000,-0.000,...]
SIGMOID        0.395       [1,80,80,80]         values=[1.0000,1.0000,1.0000,1.0000,1.0000,...]
IM2COL         2.258       [1,1600,576]         values=[0.0000,0.0000,0.0000,0.0000,-0.000,...]
RESHAPE        0.029       [32,576]             values=[0.0374,-0.022,0.0071,0.0918,0.0469,...]
MATMUL_ND      1.677       [1,1600,32]          values=[nan,nan,nan,nan,-nan,...]
ADD            0.659       [1,1600,32]          values=[-65504,-65504,-65504,-65504,-65504,...]
RESHAPE        0.019       [1,40,40,32]         values=[-65504,-65504,-65504,-65504,-65504,...]
TRANSPOSE      0.154       [1,32,40,40]         values=[-65504,-65504,-65504,-65504,-65504,...]
MULTIPLY       0.471       [1,80,80,80]         values=[9.2656,9.2656,9.2656,9.2656,9.2656,...]
SIGMOID        0.044       [1,32,40,40]         values=[0.0000,0.0000,0.0000,0.0000,0.0000,...]
IM2COL         2.836       [1,6400,80]          values=[9.2656,-0.269,0.1711,1.7666,74.500,...]
RESHAPE        0.007       [80,80]              values=[-0.042,0.6736,-0.030,1.8088,0.6350,...]
MATMUL_ND      3.730       [1,6400,80]          values=[-nan,nan,nan,nan,nan,...]
ADD            5.574       [1,6400,80]          values=[-65504,-65504,-65504,-65504,-65504,...]
RESHAPE        0.191       [1,80,80,80]         values=[-65504,-65504,-65504,-65504,-65504,...]
TRANSPOSE      1.341       [1,80,80,80]         values=[-65504,-65504,-65504,-65504,-65504,...]
MULTIPLY       0.050       [1,32,40,40]         values=[-0.000,-0.000,-0.000,-0.000,-0.000,...]
SIGMOID        0.318       [1,80,80,80]         values=[0.0000,0.0000,0.0000,0.0000,0.0000,...]
IM2COL         1.134       [1,1600,288]         values=[0.0000,0.0000,0.0000,0.0000,-0.000,...]
RESHAPE        0.018       [64,288]             values=[-0.033,-0.061,0.1685,0.0181,-0.013,...]
MATMUL_ND      1.698       [1,1600,64]          values=[nan,-nan,nan,nan,-nan,...]
ADD            1.282       [1,1600,64]          values=[-65504,-65504,-65504,-65504,-65504,...]
RESHAPE        0.038       [1,40,40,64]         values=[-65504,-65504,-65504,-65504,-65504,...]
TRANSPOSE      0.285       [1,64,40,40]         values=[-65504,-65504,-65504,-65504,-65504,...]
MULTIPLY       0.454       [1,80,80,80]         values=[-0.000,-0.000,-0.000,-0.000,-0.000,...]
SIGMOID        0.074       [1,64,40,40]         values=[0.0000,0.0000,0.0000,0.0000,0.0000,...]
IM2COL         2.845       [1,6400,80]          values=[-0.000,-0.000,-0.000,-0.000,-0.000,...]
RESHAPE        0.007       [80,80]              values=[0.0232,-0.099,0.0070,0.0534,-0.003,...]
MATMUL_ND      3.730       [1,6400,80]          values=[0.0000,0.0000,0.0000,0.0000,0.0000,...]
ADD            4.547       [1,6400,80]          values=[2.0000,-2.431,-2.000,-2.611,-512.0,...]
RESHAPE        0.179       [1,80,80,80]         values=[2.0000,-2.431,-2.000,-2.611,-512.0,...]
TRANSPOSE      1.380       [1,80,80,80]         values=[2.0000,2.0000,2.0000,2.0000,2.0000,...]
MULTIPLY       0.096       [1,64,40,40]         values=[-0.000,-0.000,-0.000,-0.000,-0.000,...]
CONCAT         0.375       [1,144,80,80]        values=[0.0000,0.0000,0.0000,0.0000,0.0000,...] weights=[2.0000,2.0000,2.0000,2.0000,2.0000,...]
ADD            0.092       [1,64,40,40]         values=[-0.000,-0.000,-0.000,-0.000,-0.000,...]
RESHAPE        0.334       [1,144,6400]         values=[0.0000,0.0000,0.0000,0.0000,0.0000,...]
CONCAT         0.076       [1,128,40,40]        values=[-0.000,-0.000,-0.000,-0.000,-0.000,...] weights=[-0.000,-0.000,-0.000,-0.000,-0.000,...]
CONCAT         0.128       [1,192,40,40]        values=[-0.000,-0.000,-0.000,-0.000,-0.000,...] weights=[-0.000,-0.000,-0.000,-0.000,-0.000,...]
IM2COL         1.466       [1,1600,192]         values=[-0.000,-0.000,-0.000,-0.000,-0.000,...]
RESHAPE        0.026       [128,192]            values=[0.0456,0.0374,-0.063,-0.054,0.0847,...]
MATMUL_ND      2.480       [1,1600,128]         values=[-nan,nan,-nan,nan,-nan,...]
ADD            1.810       [1,1600,128]         values=[-65504,-65504,-65504,-65504,-65504,...]
RESHAPE        0.085       [1,40,40,128]        values=[-65504,-65504,-65504,-65504,-65504,...]
TRANSPOSE      0.537       [1,128,40,40]        values=[-65504,-65504,-65504,-65504,-65504,...]
SIGMOID        0.158       [1,128,40,40]        values=[0.0000,0.0000,0.0000,0.0000,0.0000,...]
MULTIPLY       0.155       [1,128,40,40]        values=[-0.000,-0.000,-0.000,-0.000,-0.000,...]
IM2COL         1.148       [1,400,1152]         values=[0.0000,0.0000,0.0000,0.0000,-0.000,...]
RESHAPE        0.149       [128,1152]           values=[0.0037,-0.039,0.0124,-0.052,-0.081,...]
MATMUL_ND      2.730       [1,400,128]          values=[nan,-nan,nan,nan,nan,...]
ADD            0.454       [1,400,128]          values=[-65504,-65504,-65504,-65504,-65504,...]
RESHAPE        0.019       [1,20,20,128]        values=[-65504,-65504,-65504,-65504,-65504,...]
TRANSPOSE      0.156       [1,128,20,20]        values=[-65504,-65504,-65504,-65504,-65504,...]
IM2COL         4.392       [1,1600,1152]        values=[0.0000,0.0000,0.0000,0.0000,-0.000,...]
RESHAPE        0.066       [64,1152]            values=[0.0275,0.1131,-0.003,-0.038,-0.086,...]
MATMUL_ND      5.569       [1,1600,64]          values=[-nan,nan,-nan,-nan,nan,...]
ADD            0.916       [1,1600,64]          values=[-65504,-65504,-65504,-65504,-65504,...]
RESHAPE        0.035       [1,40,40,64]         values=[-65504,-65504,-65504,-65504,-65504,...]
TRANSPOSE      0.515       [1,64,40,40]         values=[-65504,-65504,-65504,-65504,-65504,...]
CONV2D         1.667       [1,128,40,40]        values=[144.25,144.25,144.25,144.25,144.25,...]
SIGMOID        0.075       [1,128,20,20]        values=[0.0000,0.0000,0.0000,0.0000,0.0000,...]
SIGMOID        0.068       [1,64,40,40]         values=[0.0000,0.0000,0.0000,0.0000,0.0000,...]
SIGMOID        0.153       [1,128,40,40]        values=[1.0000,1.0000,1.0000,1.0000,1.0000,...]
MULTIPLY       0.035       [1,128,20,20]        values=[-0.000,-0.000,-0.000,-0.000,-0.000,...]
MULTIPLY       0.090       [1,64,40,40]         values=[-0.000,-0.000,-0.000,-0.000,-0.000,...]
MULTIPLY       0.185       [1,128,40,40]        values=[144.25,144.25,144.25,144.25,144.25,...]
CONCAT         0.064       [1,384,20,20]        values=[-0.000,-0.000,-0.000,-0.000,-0.000,...] weights=[-0.000,-0.000,-0.000,-0.000,-0.000,...]
IM2COL         2.329       [1,1600,576]         values=[0.0000,0.0000,0.0000,0.0000,-0.000,...]
RESHAPE        0.053       [64,576]             values=[-0.005,0.0494,0.0336,0.0534,-0.028,...]
MATMUL_ND      3.010       [1,1600,64]          values=[nan,-nan,-nan,-nan,-nan,...]
ADD            0.914       [1,1600,64]          values=[-65504,-65504,-65504,-65504,-65504,...]
RESHAPE        0.036       [1,40,40,64]         values=[-65504,-65504,-65504,-65504,-65504,...]
TRANSPOSE      0.283       [1,64,40,40]         values=[-65504,-65504,-65504,-65504,-65504,...]
IM2COL         1.008       [1,1600,128]         values=[144.25,1.7089,0.2347,1.7060,-0.003,...]
RESHAPE        0.014       [80,128]             values=[0.0244,-0.112,0.0260,0.0223,0.0387,...]
MATMUL_ND      1.190       [1,1600,80]          values=[-nan,nan,nan,nan,nan,...]
ADD            1.147       [1,1600,80]          values=[-65504,-65504,-65504,-65504,-65504,...]
RESHAPE        0.070       [1,40,40,80]         values=[-65504,-65504,-65504,-65504,-65504,...]
TRANSPOSE      0.370       [1,80,40,40]         values=[-65504,-65504,-65504,-65504,-65504,...]
IM2COL         0.925       [1,400,384]          values=[-0.000,-0.000,-0.000,-0.000,-0.000,...]
RESHAPE        0.100       [256,384]            values=[0.0167,-0.033,0.0403,-0.190,0.0780,...]
MATMUL_ND      2.091       [1,400,256]          values=[-inf,inf,-nan,nan,-nan,...]
ADD            0.901       [1,400,256]          values=[-65504,65504.,-65504,-65504,-65504,...]
RESHAPE        0.045       [1,20,20,256]        values=[-65504,65504.,-65504,-65504,-65504,...]
TRANSPOSE      0.287       [1,256,20,20]        values=[-65504,-65504,-65504,-65504,-65504,...]
SIGMOID        0.101       [1,64,40,40]         values=[0.0000,0.0000,0.0000,0.0000,0.0000,...]
SIGMOID        0.121       [1,80,40,40]         values=[0.0000,0.0000,0.0000,0.0000,0.0000,...]
SIGMOID        0.102       [1,256,20,20]        values=[0.0000,0.0000,0.0000,0.0000,0.0000,...]
MULTIPLY       0.085       [1,64,40,40]         values=[-0.000,-0.000,-0.000,-0.000,-0.000,...]
MULTIPLY       0.113       [1,80,40,40]         values=[-0.000,-0.000,-0.000,-0.000,-0.000,...]
MULTIPLY       0.095       [1,256,20,20]        values=[-0.000,-0.000,-0.000,-0.000,-0.000,...]
IM2COL         0.515       [1,1600,64]          values=[-0.000,-0.000,-0.000,-0.000,-0.000,...]
RESHAPE        0.005       [64,64]              values=[0.0101,-0.275,-0.114,0.0018,0.0068,...]
MATMUL_ND      0.684       [1,1600,64]          values=[0.0000,0.0000,0.0000,0.0000,0.0000,...]
ADD            0.923       [1,1600,64]          values=[512.00,2.0644,512.00,2.0585,512.00,...]
RESHAPE        0.045       [1,40,40,64]         values=[512.00,2.0644,512.00,2.0585,512.00,...]
TRANSPOSE      0.515       [1,64,40,40]         values=[512.00,512.00,512.00,512.00,512.00,...]
CONV2D         1.058       [1,80,40,40]         values=[nan,nan,nan,nan,nan,...]
SLICE          0.030       [1,128,20,20]        values=[-0.000,-0.000,-0.000,-0.000,-0.000,...]
SLICE          0.023       [1,128,20,20]        values=[-0.000,-0.000,-0.000,-0.000,-0.000,...]
SIGMOID        0.105       [1,80,40,40]         values=[-nan,-nan,-nan,-nan,-nan,...]
IM2COL         0.298       [1,400,128]          values=[-0.000,-0.000,-0.000,-0.000,-0.000,...]
RESHAPE        0.009       [64,128]             values=[-0.032,-0.032,-0.001,0.0655,0.0487,...]
MATMUL_ND      0.240       [1,400,64]           values=[nan,-nan,nan,nan,-nan,...]
ADD            0.228       [1,400,64]           values=[-65504,-65504,-65504,-65504,-65504,...]
RESHAPE        0.011       [1,20,20,64]         values=[-65504,-65504,-65504,-65504,-65504,...]
TRANSPOSE      0.105       [1,64,20,20]         values=[-65504,-65504,-65504,-65504,-65504,...]
IM2COL         0.247       [1,400,128]          values=[-0.000,-0.000,-0.000,-0.000,-0.000,...]
RESHAPE        0.009       [64,128]             values=[0.1185,0.0259,-0.107,0.3107,-0.060,...]
MATMUL_ND      0.239       [1,400,64]           values=[nan,-nan,-nan,nan,-nan,...]
ADD            0.237       [1,400,64]           values=[-65504,-65504,-65504,-65504,-65504,...]
RESHAPE        0.009       [1,20,20,64]         values=[-65504,-65504,-65504,-65504,-65504,...]
TRANSPOSE      0.106       [1,64,20,20]         values=[-65504,-65504,-65504,-65504,-65504,...]
MULTIPLY       0.096       [1,80,40,40]         values=[nan,nan,nan,nan,nan,...]
SIGMOID        0.027       [1,64,20,20]         values=[0.0000,0.0000,0.0000,0.0000,0.0000,...]
SIGMOID        0.021       [1,64,20,20]         values=[0.0000,0.0000,0.0000,0.0000,0.0000,...]
IM2COL         0.636       [1,1600,80]          values=[nan,1.6982,-0.000,1.6933,1.3574,...]
RESHAPE        0.007       [80,80]              values=[-0.611,0.2828,-0.724,-0.889,0.4568,...]
MATMUL_ND      0.931       [1,1600,80]          values=[-nan,-nan,-nan,-nan,-nan,...]
ADD            1.136       [1,1600,80]          values=[-65504,-65504,-65504,-65504,-65504,...]
RESHAPE        0.074       [1,40,40,80]         values=[-65504,-65504,-65504,-65504,-65504,...]
TRANSPOSE      0.355       [1,80,40,40]         values=[-65504,-65504,-65504,-65504,-65504,...]
MULTIPLY       0.021       [1,64,20,20]         values=[-0.000,-0.000,-0.000,-0.000,-0.000,...]
MULTIPLY       0.034       [1,64,20,20]         values=[-0.000,-0.000,-0.000,-0.000,-0.000,...]
SIGMOID        0.149       [1,80,40,40]         values=[0.0000,0.0000,0.0000,0.0000,0.0000,...]
IM2COL         0.579       [1,400,576]          values=[0.0000,0.0000,0.0000,0.0000,-0.000,...]
RESHAPE        0.037       [64,576]             values=[0.3061,-0.103,-0.009,0.8785,0.3280,...]
MATMUL_ND      0.772       [1,400,64]           values=[nan,-nan,-nan,-nan,nan,...]
ADD            0.230       [1,400,64]           values=[-65504,-65504,-65504,-65504,-65504,...]
RESHAPE        0.009       [1,20,20,64]         values=[-65504,-65504,-65504,-65504,-65504,...]
TRANSPOSE      0.143       [1,64,20,20]         values=[-65504,-65504,-65504,-65504,-65504,...]
MULTIPLY       0.107       [1,80,40,40]         values=[-0.000,-0.000,-0.000,-0.000,-0.000,...]
SIGMOID        0.056       [1,64,20,20]         values=[0.0000,0.0000,0.0000,0.0000,0.0000,...]
IM2COL         0.634       [1,1600,80]          values=[-0.000,-0.000,-0.000,-0.000,-0.000,...]
RESHAPE        0.006       [80,80]              values=[0.0125,0.0158,0.0047,0.0181,-0.004,...]
MATMUL_ND      0.928       [1,1600,80]          values=[0.0000,0.0000,0.0000,0.0000,0.0000,...]
ADD            1.144       [1,1600,80]          values=[512.00,-2.394,2.0000,-2.580,-512.0,...]
RESHAPE        0.064       [1,40,40,80]         values=[512.00,-2.394,2.0000,-2.580,-512.0,...]
TRANSPOSE      0.658       [1,80,40,40]         values=[512.00,512.00,512.00,512.00,512.00,...]
MULTIPLY       0.026       [1,64,20,20]         values=[-0.000,-0.000,-0.000,-0.000,-0.000,...]
CONCAT         0.094       [1,144,40,40]        values=[512.00,512.00,512.00,512.00,512.00,...] weights=[512.00,512.00,512.00,512.00,512.00,...]
IM2COL         0.561       [1,400,576]          values=[0.0000,0.0000,0.0000,0.0000,-0.000,...]
RESHAPE        0.030       [64,576]             values=[-0.035,0.0052,0.0205,0.0368,0.0235,...]
MATMUL_ND      0.777       [1,400,64]           values=[nan,-nan,nan,-nan,-nan,...]
ADD            0.229       [1,400,64]           values=[-65504,-65504,-65504,-65504,-65504,...]
RESHAPE        0.010       [1,20,20,64]         values=[-65504,-65504,-65504,-65504,-65504,...]
TRANSPOSE      0.146       [1,64,20,20]         values=[-65504,-65504,-65504,-65504,-65504,...]
RESHAPE        0.105       [1,144,1600]         values=[512.00,512.00,512.00,512.00,512.00,...]
SIGMOID        0.054       [1,64,20,20]         values=[0.0000,0.0000,0.0000,0.0000,0.0000,...]
MULTIPLY       0.024       [1,64,20,20]         values=[-0.000,-0.000,-0.000,-0.000,-0.000,...]
ADD            0.030       [1,64,20,20]         values=[-0.000,-0.000,-0.000,-0.000,-0.000,...]
IM2COL         0.579       [1,400,576]          values=[0.0000,0.0000,0.0000,0.0000,-0.000,...]
RESHAPE        0.039       [64,576]             values=[0.0168,0.0689,-0.018,-0.037,-0.002,...]
MATMUL_ND      0.739       [1,400,64]           values=[nan,-nan,-nan,nan,nan,...]
ADD            0.229       [1,400,64]           values=[-65504,-65504,-65504,-65504,-65504,...]
RESHAPE        0.008       [1,20,20,64]         values=[-65504,-65504,-65504,-65504,-65504,...]
TRANSPOSE      0.145       [1,64,20,20]         values=[-65504,-65504,-65504,-65504,-65504,...]
SIGMOID        0.048       [1,64,20,20]         values=[0.0000,0.0000,0.0000,0.0000,0.0000,...]
MULTIPLY       0.023       [1,64,20,20]         values=[-0.000,-0.000,-0.000,-0.000,-0.000,...]
IM2COL         0.572       [1,400,576]          values=[0.0000,0.0000,0.0000,0.0000,-0.000,...]
RESHAPE        0.043       [64,576]             values=[-0.087,-0.166,0.0548,-0.048,-0.074,...]
MATMUL_ND      0.741       [1,400,64]           values=[-nan,nan,nan,nan,-nan,...]
ADD            0.228       [1,400,64]           values=[-65504,-65504,-65504,-65504,-65504,...]
RESHAPE        0.007       [1,20,20,64]         values=[-65504,-65504,-65504,-65504,-65504,...]
TRANSPOSE      0.140       [1,64,20,20]         values=[-65504,-65504,-65504,-65504,-65504,...]
SIGMOID        0.050       [1,64,20,20]         values=[0.0000,0.0000,0.0000,0.0000,0.0000,...]
MULTIPLY       0.023       [1,64,20,20]         values=[-0.000,-0.000,-0.000,-0.000,-0.000,...]
ADD            0.031       [1,64,20,20]         values=[-0.000,-0.000,-0.000,-0.000,-0.000,...]
CONCAT         0.022       [1,128,20,20]        values=[-0.000,-0.000,-0.000,-0.000,-0.000,...] weights=[-0.000,-0.000,-0.000,-0.000,-0.000,...]
IM2COL         0.297       [1,400,128]          values=[-0.000,-0.000,-0.000,-0.000,-0.000,...]
RESHAPE        0.020       [128,128]            values=[0.0506,-0.104,-0.009,0.0411,0.0937,...]
MATMUL_ND      0.485       [1,400,128]          values=[nan,nan,nan,-nan,-nan,...]
ADD            0.452       [1,400,128]          values=[-65504,-65504,-65504,-65504,-65504,...]
RESHAPE        0.026       [1,20,20,128]        values=[-65504,-65504,-65504,-65504,-65504,...]
TRANSPOSE      0.263       [1,128,20,20]        values=[-65504,-65504,-65504,-65504,-65504,...]
SIGMOID        0.068       [1,128,20,20]        values=[0.0000,0.0000,0.0000,0.0000,0.0000,...]
MULTIPLY       0.049       [1,128,20,20]        values=[-0.000,-0.000,-0.000,-0.000,-0.000,...]
CONCAT         0.058       [1,256,20,20]        values=[-0.000,-0.000,-0.000,-0.000,-0.000,...] weights=[-0.000,-0.000,-0.000,-0.000,-0.000,...]
CONCAT         0.066       [1,384,20,20]        values=[-0.000,-0.000,-0.000,-0.000,-0.000,...] weights=[-0.000,-0.000,-0.000,-0.000,-0.000,...]
IM2COL         0.912       [1,400,384]          values=[-0.000,65504.,-0.000,-0.000,-0.000,...]
RESHAPE        0.118       [256,384]            values=[-0.043,0.0758,-0.021,0.0220,0.0933,...]
MATMUL_ND      2.100       [1,400,256]          values=[nan,-nan,-nan,nan,nan,...]
ADD            0.901       [1,400,256]          values=[-65504,-65504,-65504,-65504,-65504,...]
RESHAPE        0.051       [1,20,20,256]        values=[-65504,-65504,-65504,-65504,-65504,...]
TRANSPOSE      0.519       [1,256,20,20]        values=[-65504,-65504,-65504,-65504,-65504,...]
SIGMOID        0.121       [1,256,20,20]        values=[0.0000,0.0000,0.0000,0.0000,0.0000,...]
MULTIPLY       0.074       [1,256,20,20]        values=[-0.000,-0.000,-0.000,-0.000,-0.000,...]
IM2COL         2.245       [1,400,2304]         values=[0.0000,0.0000,0.0000,0.0000,-0.000,...]
RESHAPE        0.167       [64,2304]            values=[0.0106,0.0105,0.0821,0.0040,0.0377,...]
MATMUL_ND      2.790       [1,400,64]           values=[-nan,nan,nan,-nan,-nan,...]
ADD            0.231       [1,400,64]           values=[-65504,-65504,-65504,-65504,-65504,...]
RESHAPE        0.007       [1,20,20,64]         values=[-65504,-65504,-65504,-65504,-65504,...]
TRANSPOSE      0.150       [1,64,20,20]         values=[-65504,-65504,-65504,-65504,-65504,...]
CONV2D         1.693       [1,256,20,20]        values=[-12048,-12048,-12048,-12048,-12048,...]
SIGMOID        0.057       [1,64,20,20]         values=[0.0000,0.0000,0.0000,0.0000,0.0000,...]
SIGMOID        0.118       [1,256,20,20]        values=[0.0000,0.0000,0.0000,0.0000,0.0000,...]
MULTIPLY       0.024       [1,64,20,20]         values=[-0.000,-0.000,-0.000,-0.000,-0.000,...]
MULTIPLY       0.063       [1,256,20,20]        values=[-0.000,-0.000,-0.000,-0.000,-0.000,...]
IM2COL         0.574       [1,400,576]          values=[0.0000,0.0000,0.0000,0.0000,-0.000,...]
RESHAPE        0.037       [64,576]             values=[0.0163,0.0662,0.0262,0.0196,0.0435,...]
MATMUL_ND      0.793       [1,400,64]           values=[nan,nan,nan,-nan,nan,...]
ADD            0.229       [1,400,64]           values=[-65504,-65504,-65504,-65504,-65504,...]
RESHAPE        0.004       [1,20,20,64]         values=[-65504,-65504,-65504,-65504,-65504,...]
TRANSPOSE      0.145       [1,64,20,20]         values=[-65504,-65504,-65504,-65504,-65504,...]
IM2COL         0.611       [1,400,256]          values=[-0.000,-0.278,-0.027,-0.266,-0.119,...]
RESHAPE        0.021       [80,256]             values=[0.0399,-0.033,-0.003,-0.007,-0.055,...]
MATMUL_ND      0.477       [1,400,80]           values=[-nan,nan,nan,nan,-nan,...]
ADD            0.284       [1,400,80]           values=[-65504,-65504,-65504,-65504,-65504,...]
RESHAPE        0.011       [1,20,20,80]         values=[-65504,-65504,-65504,-65504,-65504,...]
TRANSPOSE      0.175       [1,80,20,20]         values=[-65504,-65504,-65504,-65504,-65504,...]
SIGMOID        0.041       [1,64,20,20]         values=[0.0000,0.0000,0.0000,0.0000,0.0000,...]
SIGMOID        0.025       [1,80,20,20]         values=[0.0000,0.0000,0.0000,0.0000,0.0000,...]
MULTIPLY       0.019       [1,64,20,20]         values=[-0.000,-0.000,-0.000,-0.000,-0.000,...]
MULTIPLY       0.017       [1,80,20,20]         values=[-0.000,-0.000,-0.000,-0.000,-0.000,...]
IM2COL         0.131       [1,400,64]           values=[-0.000,-0.000,-0.000,-0.000,-0.000,...]
RESHAPE        0.003       [64,64]              values=[0.0002,0.0122,0.0078,-0.109,0.0111,...]
MATMUL_ND      0.171       [1,400,64]           values=[0.0000,0.0000,0.0000,0.0000,0.0000,...]
ADD            0.228       [1,400,64]           values=[0.0000,2.1035,-512.0,2.0937,0.0078,...]
RESHAPE        0.005       [1,20,20,64]         values=[0.0000,2.1035,-512.0,2.0937,0.0078,...]
TRANSPOSE      0.108       [1,64,20,20]         values=[0.0000,0.0000,0.0000,0.0000,0.0000,...]
CONV2D         0.291       [1,80,20,20]         values=[-4.441,-4.441,-4.441,-4.441,-4.441,...]
SIGMOID        0.043       [1,80,20,20]         values=[0.0116,0.0116,0.0116,0.0116,0.0116,...]
MULTIPLY       0.022       [1,80,20,20]         values=[-0.051,-0.051,-0.051,-0.051,-0.051,...]
IM2COL         0.156       [1,400,80]           values=[-0.051,1.5292,0.0509,-0.256,15456.,...]
RESHAPE        0.006       [80,80]              values=[-0.610,-0.648,-0.364,-0.391,-1.367,...]
MATMUL_ND      0.232       [1,400,80]           values=[nan,nan,nan,-nan,nan,...]
ADD            0.284       [1,400,80]           values=[-65504,-65504,-65504,-65504,-65504,...]
RESHAPE        0.012       [1,20,20,80]         values=[-65504,-65504,-65504,-65504,-65504,...]
TRANSPOSE      0.094       [1,80,20,20]         values=[-65504,-65504,-65504,-65504,-65504,...]
SIGMOID        0.046       [1,80,20,20]         values=[0.0000,0.0000,0.0000,0.0000,0.0000,...]
MULTIPLY       0.031       [1,80,20,20]         values=[-0.000,-0.000,-0.000,-0.000,-0.000,...]
IM2COL         0.156       [1,400,80]           values=[-0.000,-0.000,-0.000,-0.000,-0.000,...]
RESHAPE        0.005       [80,80]              values=[0.0225,-0.194,0.0309,-0.279,-0.151,...]
MATMUL_ND      0.232       [1,400,80]           values=[0.0000,0.0000,0.0000,0.0000,0.0000,...]
ADD            0.285       [1,400,80]           values=[0.0000,-2.335,-2.000,-2.533,0.0078,...]
RESHAPE        0.012       [1,20,20,80]         values=[0.0000,-2.335,-2.000,-2.533,0.0078,...]
TRANSPOSE      0.188       [1,80,20,20]         values=[0.0000,0.0000,0.0000,0.0000,0.0000,...]
CONCAT         0.025       [1,144,20,20]        values=[0.0000,0.0000,0.0000,0.0000,0.0000,...] weights=[0.0000,0.0000,0.0000,0.0000,0.0000,...]
RESHAPE        0.026       [1,144,400]          values=[0.0000,0.0000,0.0000,0.0000,0.0000,...]
CONCAT         0.525       [1,144,8000]         values=[0.0000,0.0000,0.0000,0.0000,0.0000,...] weights=[512.00,512.00,512.00,512.00,512.00,...]
CONCAT         0.528       [1,144,8400]         values=[0.0000,0.0000,0.0000,0.0000,0.0000,...] weights=[0.0000,0.0000,0.0000,0.0000,0.0000,...]
SLICE          0.200       [1,64,8400]          values=[0.0000,0.0000,0.0000,0.0000,0.0000,...]
SLICE          0.234       [1,80,8400]          values=[2.0000,2.0000,2.0000,2.0000,2.0000,...]
RESHAPE        0.188       [1,4,16,8400]        values=[0.0000,0.0000,0.0000,0.0000,0.0000,...]
SIGMOID        0.701       [1,80,8400]          values=[0.8808,0.8808,0.8808,0.8808,0.8808,...]
TRANSPOSE      1.854       [1,16,4,8400]        values=[0.0000,0.0000,0.0000,0.0000,0.0000,...]
TRANSPOSE      1.310       [1,4,8400,16]        values=[0.0000,2.0214,0.0000,2.0332,-2.000,...]
SOFTMAX        1.576       [1,4,8400,16]        values=[0.0000,0.0000,0.0000,0.0000,0.0000,...]
TRANSPOSE      1.336       [1,16,4,8400]        values=[0.0000,0.0000,0.0000,0.0000,0.0000,...]
IM2COL         0.921       [1,33600,16]         values=[0.0000,0.0000,0.0000,0.0000,0.0000,...]
RESHAPE        0.001       [1,16]               values=[0.0000,1.0000,2.0000,3.0000,4.0000,...]
MATMUL_ND      0.201       [1,33600,1]          values=[0.0000,0.0000,0.0000,0.0000,0.0000,...]
RESHAPE        0.011       [1,4,8400,1]         values=[0.0000,0.0000,0.0000,0.0000,0.0000,...]
TRANSPOSE      0.132       [1,1,4,8400]         values=[0.0000,0.0000,0.0000,0.0000,0.0000,...]
RESHAPE        0.012       [1,4,8400]           values=[0.0000,0.0000,0.0000,0.0000,0.0000,...]
SLICE          0.006       [1,2,8400]           values=[0.0000,0.0000,0.0000,0.0000,0.0000,...]
SLICE          0.007       [1,2,8400]           values=[1.6992,1.6992,1.6992,1.6992,1.6992,...]
SUBTRACT       0.036       [1,2,8400]           values=[0.5000,1.5000,2.5000,3.5000,4.5000,...]
ADD            0.033       [1,2,8400]           values=[0.8989,1.8989,2.8989,3.8989,4.8989,...]
ADD            0.025       [1,2,8400]           values=[1.3989,3.3989,5.3989,7.3989,9.3989,...]
SUBTRACT       0.023       [1,2,8400]           values=[0.3989,0.3989,0.3989,0.3989,0.3989,...]
DIVIDE         0.145       [1,2,8400]           values=[0.6994,1.6994,2.6994,3.6994,4.6994,...]
CONCAT         0.024       [1,4,8400]           values=[0.6994,1.6994,2.6994,3.6994,4.6994,...] weights=[0.3989,0.3989,0.3989,0.3989,0.3989,...]
MULTIPLY       0.282       [1,4,8400]           values=[5.5956,13.595,21.595,29.595,37.595,...]
CONCAT         0.534       [1,84,8400]          values=[5.5956,13.595,21.595,29.595,37.595,...] weights=[0.8808,0.8808,0.8808,0.8808,0.8808,...]
------------------------------------------------------------
Total execution time: 654.272 ms
================================
