=== Graph Execution Profile ===
Operation      Time (ms)   Output Shape        Backend
------------------------------------------------------------
IM2COL         4.391       [1,102400,27]        values=[0.0000,0.0000,0.0000,0.0000,0.6739,...]
RESHAPE        0.002       [16,27]              values=[-2.752,-0.387,3.5655,-6.969,-0.916,...]
MATMUL_ND      4.334       [1,102400,16]        values=[21.011,0.3189,-23.34,15.658,-22.52,...]
ADD            14.805      [1,102400,16]        values=[22.893,1.9355,-21.53,22.912,-19.18,...]
RESHAPE        1.529       [1,320,320,16]       values=[22.893,1.9355,-21.53,22.912,-19.18,...]
TRANSPOSE      7.758       [1,16,320,320]       values=[22.893,1.4987,1.4983,1.4793,1.5284,...]
SIGMOID        2.086       [1,16,320,320]       values=[1.0000,0.8173,0.8173,0.8144,0.8217,...]
MULTIPLY       3.399       [1,16,320,320]       values=[22.893,1.2250,1.2245,1.2048,1.2560,...]
IM2COL         4.693       [1,25600,144]        values=[0.0000,0.0000,0.0000,0.0000,22.893,...]
RESHAPE        0.008       [32,144]             values=[0.0099,0.0940,0.0476,0.0452,-0.110,...]
MATMUL_ND      6.100       [1,25600,32]         values=[-4.024,27.382,19.358,-2.751,-14.50,...]
ADD            7.170       [1,25600,32]         values=[-0.594,29.069,16.592,-3.764,-12.29,...]
RESHAPE        0.719       [1,160,160,32]       values=[-0.594,29.069,16.592,-3.764,-12.29,...]
TRANSPOSE      3.192       [1,32,160,160]       values=[-0.594,0.7897,0.7404,0.8114,0.9324,...]
SIGMOID        0.950       [1,32,160,160]       values=[0.3557,0.6877,0.6770,0.6924,0.7175,...]
MULTIPLY       1.584       [1,32,160,160]       values=[-0.211,0.5431,0.5013,0.5618,0.6690,...]
IM2COL         2.505       [1,25600,32]         values=[-0.211,29.069,16.592,-0.085,-0.000,...]
RESHAPE        0.004       [32,32]              values=[0.0193,0.3801,0.1696,0.0635,0.0680,...]
MATMUL_ND      1.848       [1,25600,32]         values=[14.412,-4.407,-9.916,2.2847,-8.428,...]
ADD            7.188       [1,25600,32]         values=[17.567,-0.055,-4.315,4.8917,-10.52,...]
RESHAPE        0.727       [1,160,160,32]       values=[17.567,-0.055,-4.315,4.8917,-10.52,...]
TRANSPOSE      3.095       [1,32,160,160]       values=[17.567,14.393,14.812,15.053,15.218,...]
SIGMOID        0.988       [1,32,160,160]       values=[1.0000,0.9999,1.0000,1.0000,1.0000,...]
MULTIPLY       1.435       [1,32,160,160]       values=[17.567,14.393,14.812,15.053,15.218,...]
SLICE          0.443       [1,16,160,160]       values=[17.567,14.393,14.812,15.053,15.218,...]
SLICE          0.436       [1,16,160,160]       values=[0.0801,0.5409,0.5906,0.3512,0.2508,...]
IM2COL         3.696       [1,25600,144]        values=[0.0000,0.0000,0.0000,0.0000,0.0801,...]
RESHAPE        0.003       [8,144]              values=[-0.002,0.0088,0.0028,-0.003,0.0842,...]
MATMUL_ND      2.127       [1,25600,8]          values=[0.6766,-1.955,-1.104,-3.652,0.1141,...]
ADD            1.788       [1,25600,8]          values=[1.4624,-0.547,-1.428,-3.948,1.4895,...]
RESHAPE        0.143       [1,160,160,8]        values=[1.4624,-0.547,-1.428,-3.948,1.4895,...]
TRANSPOSE      0.494       [1,8,160,160]        values=[1.4624,1.4077,1.3714,1.3528,1.3320,...]
SIGMOID        0.249       [1,8,160,160]        values=[0.8119,0.8034,0.7976,0.7946,0.7911,...]
MULTIPLY       0.300       [1,8,160,160]        values=[1.1874,1.1310,1.0939,1.0749,1.0538,...]
IM2COL         1.999       [1,25600,72]         values=[0.0000,0.0000,0.0000,0.0000,1.1874,...]
RESHAPE        0.004       [16,72]              values=[-0.047,1.5142,-1.135,-0.109,3.3062,...]
MATMUL_ND      1.778       [1,25600,16]         values=[-3.576,0.3061,1.0599,-5.214,11.538,...]
ADD            3.666       [1,25600,16]         values=[-4.359,-3.895,-9.912,-6.644,6.8878,...]
RESHAPE        0.289       [1,160,160,16]       values=[-4.359,-3.895,-9.912,-6.644,6.8878,...]
TRANSPOSE      1.181       [1,16,160,160]       values=[-4.359,0.8809,2.4799,1.2884,1.5304,...]
SIGMOID        0.462       [1,16,160,160]       values=[0.0126,0.7070,0.9227,0.7838,0.8220,...]
MULTIPLY       0.675       [1,16,160,160]       values=[-0.055,0.6228,2.2883,1.0099,1.2581,...]
ADD            0.847       [1,16,160,160]       values=[0.0251,1.1637,2.8789,1.3612,1.5090,...]
CONCAT         0.552       [1,32,160,160]       values=[17.567,14.393,14.812,15.053,15.218,...] weights=[0.0801,0.5409,0.5906,0.3512,0.2508,...]
CONCAT         1.043       [1,48,160,160]       values=[17.567,14.393,14.812,15.053,15.218,...] weights=[0.0251,1.1637,2.8789,1.3612,1.5090,...]
IM2COL         4.085       [1,25600,48]         values=[17.567,-0.026,-0.056,4.8553,-0.000,...]
RESHAPE        0.005       [64,48]              values=[0.0781,0.0118,0.0192,-0.008,0.0075,...]
MATMUL_ND      4.544       [1,25600,64]         values=[0.1736,-10.58,-10.13,-0.439,17.858,...]
ADD            14.055      [1,25600,64]         values=[5.3271,-8.154,-5.978,0.0554,7.7596,...]
RESHAPE        1.527       [1,160,160,64]       values=[5.3271,-8.154,-5.978,0.0554,7.7596,...]
TRANSPOSE      9.342       [1,64,160,160]       values=[5.3271,7.3446,6.4618,6.2232,6.1118,...]
SIGMOID        2.060       [1,64,160,160]       values=[0.9951,0.9993,0.9984,0.9980,0.9977,...]
MULTIPLY       3.408       [1,64,160,160]       values=[5.3014,7.3398,6.4517,6.2109,6.0983,...]
IM2COL         11.094      [1,6400,576]         values=[0.0000,0.0000,0.0000,0.0000,5.3014,...]
RESHAPE        0.033       [64,576]             values=[0.0018,-0.022,0.0137,-0.003,-0.024,...]
MATMUL_ND      20.917      [1,6400,64]          values=[2.4517,-0.362,-0.366,-0.848,-2.927,...]
ADD            3.516       [1,6400,64]          values=[3.7569,0.8987,0.1809,-0.743,-2.061,...]
RESHAPE        0.265       [1,80,80,64]         values=[3.7569,0.8987,0.1809,-0.743,-2.061,...]
TRANSPOSE      2.394       [1,64,80,80]         values=[3.7569,2.1655,2.1402,2.1234,2.1837,...]
SIGMOID        0.471       [1,64,80,80]         values=[0.9771,0.8971,0.8947,0.8931,0.8987,...]
MULTIPLY       0.656       [1,64,80,80]         values=[3.6712,1.9427,1.9149,1.8966,1.9626,...]
IM2COL         2.544       [1,6400,64]          values=[3.6712,0.6386,0.0986,-0.239,-0.232,...]
RESHAPE        0.006       [64,64]              values=[-0.049,-0.157,0.0037,0.0609,0.0110,...]
MATMUL_ND      2.733       [1,6400,64]          values=[-0.206,-0.591,0.1130,-0.026,-2.720,...]
ADD            3.506       [1,6400,64]          values=[2.9277,0.1658,1.1644,0.6032,-2.518,...]
RESHAPE        0.268       [1,80,80,64]         values=[2.9277,0.1658,1.1644,0.6032,-2.518,...]
TRANSPOSE      1.790       [1,64,80,80]         values=[2.9277,1.9665,1.8671,1.8335,1.7964,...]
SIGMOID        0.463       [1,64,80,80]         values=[0.9492,0.8772,0.8661,0.8621,0.8577,...]
MULTIPLY       0.708       [1,64,80,80]         values=[2.7790,1.7251,1.6171,1.5808,1.5408,...]
SLICE          0.150       [1,32,80,80]         values=[2.7790,1.7251,1.6171,1.5808,1.5408,...]
SLICE          0.139       [1,32,80,80]         values=[-0.234,-0.038,-0.068,-0.031,0.0138,...]
IM2COL         4.845       [1,6400,288]         values=[0.0000,0.0000,0.0000,0.0000,-0.234,...]
RESHAPE        0.010       [16,288]             values=[0.0040,0.0146,-0.014,-0.061,-0.001,...]
MATMUL_ND      3.116       [1,6400,16]          values=[-0.522,-0.675,-1.933,0.3279,-0.551,...]
ADD            0.912       [1,6400,16]          values=[0.9809,1.1519,0.4922,2.1946,0.4087,...]
RESHAPE        0.065       [1,80,80,16]         values=[0.9809,1.1519,0.4922,2.1946,0.4087,...]
TRANSPOSE      0.247       [1,16,80,80]         values=[0.9809,2.0095,1.2125,0.9944,0.8889,...]
SIGMOID        0.136       [1,16,80,80]         values=[0.7272,0.8818,0.7707,0.7299,0.7086,...]
MULTIPLY       0.114       [1,16,80,80]         values=[0.7134,1.7720,0.9346,0.7258,0.6299,...]
IM2COL         2.270       [1,6400,144]         values=[0.0000,0.0000,0.0000,0.0000,0.7134,...]
RESHAPE        0.006       [32,144]             values=[-0.053,0.0247,-0.027,-0.037,0.0080,...]
MATMUL_ND      2.943       [1,6400,32]          values=[0.6488,1.2433,-0.077,2.7799,-0.256,...]
ADD            1.776       [1,6400,32]          values=[1.2671,3.2250,0.7413,1.3478,0.7287,...]
RESHAPE        0.142       [1,80,80,32]         values=[1.2671,3.2250,0.7413,1.3478,0.7287,...]
TRANSPOSE      1.033       [1,32,80,80]         values=[1.2671,1.5068,1.4611,1.3948,1.3932,...]
SIGMOID        0.268       [1,32,80,80]         values=[0.7802,0.8185,0.8117,0.8013,0.8011,...]
MULTIPLY       0.278       [1,32,80,80]         values=[0.9886,1.2335,1.1860,1.1177,1.1161,...]
ADD            0.330       [1,32,80,80]         values=[0.7541,1.1951,1.1175,1.0859,1.1300,...]
CONCAT         0.343       [1,64,80,80]         values=[2.7790,1.7251,1.6171,1.5808,1.5408,...] weights=[-0.234,-0.038,-0.068,-0.031,0.0138,...]
CONCAT         0.419       [1,96,80,80]         values=[2.7790,1.7251,1.6171,1.5808,1.5408,...] weights=[0.7541,1.1951,1.1175,1.0859,1.1300,...]
IM2COL         4.251       [1,6400,96]          values=[2.7790,0.0897,0.8875,0.3899,-0.187,...]
RESHAPE        0.011       [128,96]             values=[0.1264,-0.003,-0.090,-0.011,-0.008,...]
MATMUL_ND      7.692       [1,6400,128]         values=[-5.316,-1.293,0.5204,-0.821,-1.171,...]
ADD            7.022       [1,6400,128]         values=[-1.003,-0.975,-0.389,-0.244,-1.391,...]
RESHAPE        0.716       [1,80,80,128]        values=[-1.003,-0.975,-0.389,-0.244,-1.391,...]
TRANSPOSE      5.725       [1,128,80,80]        values=[-1.003,-0.591,-0.914,-0.772,-0.635,...]
SIGMOID        1.100       [1,128,80,80]        values=[0.2683,0.3563,0.2860,0.3159,0.3463,...]
MULTIPLY       1.979       [1,128,80,80]        values=[-0.269,-0.210,-0.261,-0.244,-0.220,...]
IM2COL         4.810       [1,1600,1152]        values=[0.0000,0.0000,0.0000,0.0000,-0.269,...]
RESHAPE        0.106       [128,1152]           values=[-0.004,0.0111,-0.013,0.0535,0.0457,...]
MATMUL_ND      21.299      [1,1600,128]         values=[1.0181,1.5841,0.9597,0.7336,0.0924,...]
ADD            1.751       [1,1600,128]         values=[-0.363,-0.274,-1.182,0.5143,-0.992,...]
RESHAPE        0.123       [1,40,40,128]        values=[-0.363,-0.274,-1.182,0.5143,-0.992,...]
TRANSPOSE      0.751       [1,128,40,40]        values=[-0.363,-1.169,-1.246,-0.995,-0.931,...]
SIGMOID        0.220       [1,128,40,40]        values=[0.4100,0.2369,0.2232,0.2698,0.2826,...]
MULTIPLY       0.316       [1,128,40,40]        values=[-0.149,-0.277,-0.278,-0.268,-0.263,...]
IM2COL         1.066       [1,1600,128]         values=[-0.149,-0.118,-0.277,0.3219,-0.268,...]
RESHAPE        0.017       [128,128]            values=[0.0160,-0.037,-0.130,0.1686,0.0657,...]
MATMUL_ND      2.488       [1,1600,128]         values=[0.7957,2.5061,0.2833,0.7082,0.9620,...]
ADD            1.728       [1,1600,128]         values=[2.2965,1.6953,-0.912,-0.448,-0.078,...]
RESHAPE        0.155       [1,40,40,128]        values=[2.2965,1.6953,-0.912,-0.448,-0.078,...]
TRANSPOSE      0.780       [1,128,40,40]        values=[2.2965,1.7089,1.3486,1.3940,1.2659,...]
SIGMOID        0.227       [1,128,40,40]        values=[0.9085,0.8467,0.7939,0.8012,0.7800,...]
MULTIPLY       0.315       [1,128,40,40]        values=[2.0865,1.4470,1.0707,1.1169,0.9874,...]
SLICE          0.091       [1,64,40,40]         values=[2.0865,1.4470,1.0707,1.1169,0.9874,...]
SLICE          0.082       [1,64,40,40]         values=[-0.227,-0.167,-0.177,-0.147,-0.155,...]
IM2COL         0.550       [1,1600,64]          values=[-0.227,-0.201,-0.276,-0.075,0.6747,...]
RESHAPE        0.002       [32,64]              values=[-0.030,0.1415,0.4389,-0.242,-0.008,...]
MATMUL_ND      0.347       [1,1600,32]          values=[0.1367,0.7763,0.7585,-0.160,0.6474,...]
ADD            0.442       [1,1600,32]          values=[0.3765,0.5495,0.9662,0.7603,0.6444,...]
RESHAPE        0.022       [1,40,40,32]         values=[0.3765,0.5495,0.9662,0.7603,0.6444,...]
TRANSPOSE      0.268       [1,32,40,40]         values=[0.3765,-0.157,-0.455,-0.501,-0.563,...]
IM2COL         0.537       [1,1600,64]          values=[-0.227,-0.201,-0.276,-0.075,0.6747,...]
RESHAPE        0.002       [32,64]              values=[0.0751,0.1427,0.0813,0.0035,-0.087,...]
MATMUL_ND      0.345       [1,1600,32]          values=[-2.306,-0.473,-0.370,2.0007,-0.670,...]
ADD            0.440       [1,1600,32]          values=[-1.512,-0.466,-1.683,0.5688,-1.426,...]
RESHAPE        0.045       [1,40,40,32]         values=[-1.512,-0.466,-1.683,0.5688,-1.426,...]
TRANSPOSE      0.272       [1,32,40,40]         values=[-1.512,-0.362,-0.246,-0.259,-0.163,...]
SIGMOID        0.083       [1,32,40,40]         values=[0.5930,0.4607,0.3879,0.3772,0.3627,...]
SIGMOID        0.086       [1,32,40,40]         values=[0.1805,0.4104,0.4386,0.4355,0.4591,...]
MULTIPLY       0.081       [1,32,40,40]         values=[0.2233,-0.072,-0.176,-0.189,-0.204,...]
MULTIPLY       0.078       [1,32,40,40]         values=[-0.273,-0.148,-0.108,-0.112,-0.075,...]
IM2COL         1.416       [1,1600,288]         values=[0.0000,0.0000,0.0000,0.0000,0.2233,...]
RESHAPE        0.014       [32,288]             values=[0.0440,-0.184,-0.285,0.1024,-0.287,...]
MATMUL_ND      1.408       [1,1600,32]          values=[-0.420,-2.012,0.5282,-1.080,1.1330,...]
ADD            0.442       [1,1600,32]          values=[-1.443,-1.103,0.2122,-1.110,1.0418,...]
RESHAPE        0.021       [1,40,40,32]         values=[-1.443,-1.103,0.2122,-1.110,1.0418,...]
TRANSPOSE      0.269       [1,32,40,40]         values=[-1.443,-1.518,-1.671,-2.077,-2.033,...]
SIGMOID        0.078       [1,32,40,40]         values=[0.1910,0.1797,0.1582,0.1112,0.1157,...]
MULTIPLY       0.070       [1,32,40,40]         values=[-0.275,-0.272,-0.264,-0.231,-0.235,...]
IM2COL         1.439       [1,1600,288]         values=[0.0000,0.0000,0.0000,0.0000,-0.275,...]
RESHAPE        0.014       [32,288]             values=[-0.055,-0.006,0.0396,-0.036,-0.100,...]
MATMUL_ND      1.396       [1,1600,32]          values=[-0.406,0.2158,0.7115,-0.062,0.2654,...]
ADD            0.441       [1,1600,32]          values=[0.7146,-0.185,0.9923,0.9060,1.7987,...]
RESHAPE        0.040       [1,40,40,32]         values=[0.7146,-0.185,0.9923,0.9060,1.7987,...]
TRANSPOSE      0.267       [1,32,40,40]         values=[0.7146,0.6081,0.7314,0.9072,0.8172,...]
SIGMOID        0.078       [1,32,40,40]         values=[0.6714,0.6475,0.6751,0.7124,0.6936,...]
MULTIPLY       0.073       [1,32,40,40]         values=[0.4798,0.3938,0.4937,0.6463,0.5668,...]
ADD            0.104       [1,32,40,40]         values=[0.7031,0.3213,0.3169,0.4571,0.3624,...]
IM2COL         1.500       [1,1600,288]         values=[0.0000,0.0000,0.0000,0.0000,0.7031,...]
RESHAPE        0.012       [32,288]             values=[0.0324,-0.003,-0.062,-0.005,-0.166,...]
MATMUL_ND      1.402       [1,1600,32]          values=[-1.475,-1.528,-0.721,0.1394,-0.403,...]
ADD            0.443       [1,1600,32]          values=[-0.581,-1.809,-0.797,-0.473,0.4459,...]
RESHAPE        0.036       [1,40,40,32]         values=[-0.581,-1.809,-0.797,-0.473,0.4459,...]
TRANSPOSE      0.267       [1,32,40,40]         values=[-0.581,-0.067,0.1663,0.1701,0.0885,...]
SIGMOID        0.075       [1,32,40,40]         values=[0.3585,0.4830,0.5414,0.5424,0.5221,...]
MULTIPLY       0.068       [1,32,40,40]         values=[-0.208,-0.032,0.0900,0.0923,0.0462,...]
IM2COL         1.327       [1,1600,288]         values=[0.0000,0.0000,0.0000,0.0000,-0.208,...]
RESHAPE        0.009       [32,288]             values=[0.0299,0.2140,-0.020,-0.066,0.2845,...]
MATMUL_ND      1.423       [1,1600,32]          values=[1.6801,0.3848,-0.090,0.0155,0.2385,...]
ADD            0.443       [1,1600,32]          values=[0.6963,2.2413,-0.601,2.0086,1.0340,...]
RESHAPE        0.021       [1,40,40,32]         values=[0.6963,2.2413,-0.601,2.0086,1.0340,...]
TRANSPOSE      0.262       [1,32,40,40]         values=[0.6963,0.7047,1.4345,1.5361,1.2623,...]
SIGMOID        0.071       [1,32,40,40]         values=[0.6673,0.6692,0.8076,0.8228,0.7794,...]
MULTIPLY       0.057       [1,32,40,40]         values=[0.4647,0.4716,1.1585,1.2640,0.9839,...]
ADD            0.084       [1,32,40,40]         values=[1.1678,0.7929,1.4755,1.7212,1.3463,...]
CONCAT         0.098       [1,64,40,40]         values=[1.1678,0.7929,1.4755,1.7212,1.3463,...] weights=[-0.273,-0.148,-0.108,-0.112,-0.075,...]
IM2COL         0.555       [1,1600,64]          values=[1.1678,2.2900,1.2109,2.9344,2.7286,...]
RESHAPE        0.004       [64,64]              values=[0.3614,-0.214,0.0971,0.2055,0.3268,...]
MATMUL_ND      0.676       [1,1600,64]          values=[0.8210,-0.216,0.4013,1.9288,2.1118,...]
ADD            0.868       [1,1600,64]          values=[-0.601,-0.787,1.1091,1.4635,-0.529,...]
RESHAPE        0.099       [1,40,40,64]         values=[-0.601,-0.787,1.1091,1.4635,-0.529,...]
TRANSPOSE      0.547       [1,64,40,40]         values=[-0.601,0.3167,0.5159,0.3049,-0.313,...]
SIGMOID        0.136       [1,64,40,40]         values=[0.3540,0.5785,0.6262,0.5756,0.4222,...]
MULTIPLY       0.139       [1,64,40,40]         values=[-0.212,0.1832,0.3230,0.1755,-0.132,...]
CONCAT         0.176       [1,128,40,40]        values=[2.0865,1.4470,1.0707,1.1169,0.9874,...] weights=[-0.227,-0.167,-0.177,-0.147,-0.155,...]
CONCAT         0.223       [1,192,40,40]        values=[2.0865,1.4470,1.0707,1.1169,0.9874,...] weights=[-0.212,0.1832,0.3230,0.1755,-0.132,...]
IM2COL         1.642       [1,1600,192]         values=[2.0865,1.4324,-0.261,-0.174,-0.037,...]
RESHAPE        0.027       [128,192]            values=[0.0293,-0.006,-0.064,0.0349,-0.053,...]
MATMUL_ND      3.753       [1,1600,128]         values=[0.5402,-0.551,-0.357,-0.068,-0.741,...]
ADD            1.727       [1,1600,128]         values=[-0.014,-0.206,-1.722,-0.020,-0.489,...]
RESHAPE        0.148       [1,40,40,128]        values=[-0.014,-0.206,-1.722,-0.020,-0.489,...]
TRANSPOSE      1.117       [1,128,40,40]        values=[-0.014,-0.063,0.1012,0.2076,0.0806,...]
SIGMOID        0.232       [1,128,40,40]        values=[0.4962,0.4841,0.5252,0.5517,0.5201,...]
MULTIPLY       0.332       [1,128,40,40]        values=[-0.007,-0.030,0.0531,0.1145,0.0419,...]
IM2COL         1.266       [1,400,1152]         values=[0.0000,0.0000,0.0000,0.0000,-0.007,...]
RESHAPE        0.334       [256,1152]           values=[-0.027,0.0412,0.0156,0.0155,0.0034,...]
MATMUL_ND      10.677      [1,400,256]          values=[-1.104,0.8571,-0.460,-0.229,0.7655,...]
ADD            0.868       [1,400,256]          values=[-0.282,1.0603,-0.924,-0.695,-0.011,...]
RESHAPE        0.084       [1,20,20,256]        values=[-0.282,1.0603,-0.924,-0.695,-0.011,...]
TRANSPOSE      0.316       [1,256,20,20]        values=[-0.282,-1.902,-1.720,-1.612,-1.756,...]
SIGMOID        0.121       [1,256,20,20]        values=[0.4297,0.1298,0.1518,0.1662,0.1472,...]
MULTIPLY       0.119       [1,256,20,20]        values=[-0.121,-0.247,-0.261,-0.268,-0.258,...]
IM2COL         0.498       [1,400,256]          values=[-0.121,0.7876,-0.262,-0.231,-0.005,...]
RESHAPE        0.056       [256,256]            values=[0.0445,0.2587,-0.111,0.0064,-0.050,...]
MATMUL_ND      2.428       [1,400,256]          values=[-0.808,1.1016,-0.030,-1.875,0.6462,...]
ADD            0.860       [1,400,256]          values=[-1.542,0.3674,-0.179,-1.979,-0.803,...]
RESHAPE        0.090       [1,20,20,256]        values=[-1.542,0.3674,-0.179,-1.979,-0.803,...]
TRANSPOSE      0.532       [1,256,20,20]        values=[-1.542,-1.741,-1.970,-1.883,-2.032,...]
SIGMOID        0.121       [1,256,20,20]        values=[0.1761,0.1491,0.1223,0.1319,0.1158,...]
MULTIPLY       0.141       [1,256,20,20]        values=[-0.271,-0.259,-0.241,-0.248,-0.235,...]
SLICE          0.048       [1,128,20,20]        values=[-0.271,-0.259,-0.241,-0.248,-0.235,...]
SLICE          0.046       [1,128,20,20]        values=[0.7629,0.1146,-0.097,-0.108,-0.106,...]
IM2COL         0.248       [1,400,128]          values=[0.7629,-0.278,-0.278,-0.275,-0.212,...]
RESHAPE        0.011       [64,128]             values=[-0.103,0.0928,-0.060,-0.039,-0.105,...]
MATMUL_ND      0.309       [1,400,64]           values=[-0.482,0.7475,1.0626,0.8503,-0.037,...]
ADD            0.218       [1,400,64]           values=[-1.056,1.4846,0.1655,0.6284,0.1061,...]
RESHAPE        0.020       [1,20,20,64]         values=[-1.056,1.4846,0.1655,0.6284,0.1061,...]
TRANSPOSE      0.095       [1,64,20,20]         values=[-1.056,-0.394,-0.190,-0.333,-0.101,...]
IM2COL         0.243       [1,400,128]          values=[0.7629,-0.278,-0.278,-0.275,-0.212,...]
RESHAPE        0.008       [64,128]             values=[-0.188,-0.230,0.0106,-0.279,0.1258,...]
MATMUL_ND      0.309       [1,400,64]           values=[2.4238,2.2512,0.1950,-0.015,0.0528,...]
ADD            0.218       [1,400,64]           values=[1.8151,2.2206,-0.298,-0.151,-0.882,...]
RESHAPE        0.022       [1,20,20,64]         values=[1.8151,2.2206,-0.298,-0.151,-0.882,...]
TRANSPOSE      0.087       [1,64,20,20]         values=[1.8151,0.6769,0.6154,0.8547,0.5145,...]
SIGMOID        0.053       [1,64,20,20]         values=[0.2579,0.4026,0.4525,0.4175,0.4746,...]
SIGMOID        0.046       [1,64,20,20]         values=[0.8599,0.6631,0.6492,0.7015,0.6258,...]
MULTIPLY       0.046       [1,64,20,20]         values=[-0.272,-0.158,-0.086,-0.139,-0.048,...]
MULTIPLY       0.039       [1,64,20,20]         values=[1.5610,0.4489,0.3995,0.5996,0.3220,...]
IM2COL         0.579       [1,400,576]          values=[0.0000,0.0000,0.0000,0.0000,-0.272,...]
RESHAPE        0.042       [64,576]             values=[-0.053,-0.001,0.0042,-0.054,-0.084,...]
MATMUL_ND      1.334       [1,400,64]           values=[-1.045,-1.213,-1.505,-0.069,-0.024,...]
ADD            0.218       [1,400,64]           values=[-0.425,-0.452,-2.114,-0.877,0.1584,...]
RESHAPE        0.021       [1,20,20,64]         values=[-0.425,-0.452,-2.114,-0.877,0.1584,...]
TRANSPOSE      0.137       [1,64,20,20]         values=[-0.425,0.2170,0.5781,0.8679,1.1360,...]
SIGMOID        0.053       [1,64,20,20]         values=[0.3951,0.5540,0.6406,0.7043,0.7569,...]
MULTIPLY       0.037       [1,64,20,20]         values=[-0.168,0.1202,0.3704,0.6113,0.8598,...]
IM2COL         0.588       [1,400,576]          values=[0.0000,0.0000,0.0000,0.0000,-0.168,...]
RESHAPE        0.056       [64,576]             values=[0.0770,0.0174,-0.062,0.0369,0.0548,...]
MATMUL_ND      1.328       [1,400,64]           values=[0.4159,-0.214,0.1694,-0.684,-1.083,...]
ADD            0.218       [1,400,64]           values=[0.0708,1.4929,0.4913,-1.110,-1.172,...]
RESHAPE        0.022       [1,20,20,64]         values=[0.0708,1.4929,0.4913,-1.110,-1.172,...]
TRANSPOSE      0.147       [1,64,20,20]         values=[0.0708,0.2800,0.1487,0.1058,0.1522,...]
SIGMOID        0.054       [1,64,20,20]         values=[0.5177,0.5695,0.5371,0.5264,0.5379,...]
MULTIPLY       0.035       [1,64,20,20]         values=[0.0366,0.1594,0.0798,0.0557,0.0819,...]
ADD            0.049       [1,64,20,20]         values=[-0.235,0.0006,-0.006,-0.083,0.0337,...]
IM2COL         0.555       [1,400,576]          values=[0.0000,0.0000,0.0000,0.0000,-0.235,...]
RESHAPE        0.036       [64,576]             values=[-0.006,-0.030,0.0238,0.0179,-0.010,...]
MATMUL_ND      1.351       [1,400,64]           values=[0.4370,-0.714,-0.414,-1.716,-1.524,...]
ADD            0.220       [1,400,64]           values=[0.4313,-0.632,-0.094,-1.768,-1.117,...]
RESHAPE        0.021       [1,20,20,64]         values=[0.4313,-0.632,-0.094,-1.768,-1.117,...]
TRANSPOSE      0.140       [1,64,20,20]         values=[0.4313,0.3603,0.5814,0.4375,0.5016,...]
SIGMOID        0.053       [1,64,20,20]         values=[0.6061,0.5891,0.6414,0.6076,0.6228,...]
MULTIPLY       0.033       [1,64,20,20]         values=[0.2614,0.2122,0.3729,0.2658,0.3124,...]
IM2COL         0.553       [1,400,576]          values=[0.0000,0.0000,0.0000,0.0000,0.2614,...]
RESHAPE        0.036       [64,576]             values=[0.0124,0.0132,0.0233,-0.028,-0.032,...]
MATMUL_ND      1.337       [1,400,64]           values=[-0.343,-0.021,-0.005,-0.392,0.1130,...]
ADD            0.219       [1,400,64]           values=[1.1777,1.3141,0.3856,-0.883,1.2973,...]
RESHAPE        0.022       [1,20,20,64]         values=[1.1777,1.3141,0.3856,-0.883,1.2973,...]
TRANSPOSE      0.133       [1,64,20,20]         values=[1.1777,0.9407,1.2936,1.7829,2.0864,...]
SIGMOID        0.052       [1,64,20,20]         values=[0.7645,0.7192,0.7847,0.8560,0.8895,...]
MULTIPLY       0.031       [1,64,20,20]         values=[0.9004,0.6765,1.0152,1.5263,1.8561,...]
ADD            0.044       [1,64,20,20]         values=[0.6645,0.6772,1.0089,1.4430,1.8898,...]
CONCAT         0.041       [1,128,20,20]        values=[0.6645,0.6772,1.0089,1.4430,1.8898,...] weights=[1.5610,0.4489,0.3995,0.5996,0.3220,...]
IM2COL         0.247       [1,400,128]          values=[0.6645,3.4651,0.6240,-0.123,0.7976,...]
RESHAPE        0.018       [128,128]            values=[-0.075,0.0147,-0.021,-0.027,-0.047,...]
MATMUL_ND      0.622       [1,400,128]          values=[-0.660,-0.665,-1.930,1.3324,2.1228,...]
ADD            0.431       [1,400,128]          values=[-0.854,0.4483,-1.308,-0.344,1.3465,...]
RESHAPE        0.043       [1,20,20,128]        values=[-0.854,0.4483,-1.308,-0.344,1.3465,...]
TRANSPOSE      0.259       [1,128,20,20]        values=[-0.854,-0.735,-1.215,-1.516,-1.438,...]
SIGMOID        0.072       [1,128,20,20]        values=[0.2985,0.3239,0.2286,0.1799,0.1917,...]
MULTIPLY       0.068       [1,128,20,20]        values=[-0.255,-0.238,-0.278,-0.272,-0.275,...]
CONCAT         0.093       [1,256,20,20]        values=[-0.271,-0.259,-0.241,-0.248,-0.235,...] weights=[0.7629,0.1146,-0.097,-0.108,-0.106,...]
CONCAT         0.128       [1,384,20,20]        values=[-0.271,-0.259,-0.241,-0.248,-0.235,...] weights=[-0.255,-0.238,-0.278,-0.272,-0.275,...]
IM2COL         0.731       [1,400,384]          values=[-0.271,0.2171,-0.081,-0.240,-0.248,...]
RESHAPE        0.091       [256,384]            values=[-0.011,-0.062,0.0369,-0.009,0.0678,...]
MATMUL_ND      3.826       [1,400,256]          values=[0.9999,-0.321,0.8997,0.5809,0.2945,...]
ADD            0.869       [1,400,256]          values=[0.5518,-1.034,1.1712,0.1491,-0.216,...]
RESHAPE        0.098       [1,20,20,256]        values=[0.5518,-1.034,1.1712,0.1491,-0.216,...]
TRANSPOSE      0.540       [1,256,20,20]        values=[0.5518,1.0239,0.7818,0.7358,0.6322,...]
SIGMOID        0.123       [1,256,20,20]        values=[0.6345,0.7357,0.6860,0.6760,0.6530,...]
MULTIPLY       0.125       [1,256,20,20]        values=[0.3502,0.7533,0.5364,0.4974,0.4128,...]
IM2COL         0.497       [1,400,256]          values=[0.3502,-0.271,0.8940,0.0801,-0.096,...]
RESHAPE        0.030       [128,256]            values=[0.0120,-0.153,0.0709,0.1349,-0.053,...]
MATMUL_ND      1.211       [1,400,128]          values=[0.3994,-0.568,-0.577,1.5809,0.2225,...]
ADD            0.431       [1,400,128]          values=[3.2744,1.9201,1.5030,3.4316,3.3395,...]
RESHAPE        0.043       [1,20,20,128]        values=[3.2744,1.9201,1.5030,3.4316,3.3395,...]
TRANSPOSE      0.257       [1,128,20,20]        values=[3.2744,2.3780,2.1432,2.0600,2.1236,...]
SIGMOID        0.072       [1,128,20,20]        values=[0.9635,0.9151,0.8950,0.8869,0.8931,...]
MULTIPLY       0.057       [1,128,20,20]        values=[3.1550,2.1762,1.9182,1.8271,1.8968,...]
MAXPOOL        0.761       [1,128,20,20]        values=[3.3274,3.3274,3.3274,2.5923,2.7775,...]
MAXPOOL        0.714       [1,128,20,20]        values=[3.3274,3.4268,3.4268,3.4268,3.7545,...]
MAXPOOL        0.719       [1,128,20,20]        values=[4.2323,4.2323,4.2323,4.2712,4.2712,...]
CONCAT         0.065       [1,256,20,20]        values=[3.1550,2.1762,1.9182,1.8271,1.8968,...] weights=[3.3274,3.3274,3.3274,2.5923,2.7775,...]
CONCAT         0.130       [1,384,20,20]        values=[3.1550,2.1762,1.9182,1.8271,1.8968,...] weights=[3.3274,3.4268,3.4268,3.4268,3.7545,...]
CONCAT         0.154       [1,512,20,20]        values=[3.1550,2.1762,1.9182,1.8271,1.8968,...] weights=[4.2323,4.2323,4.2323,4.2712,4.2712,...]
IM2COL         0.996       [1,400,512]          values=[3.1550,1.6746,1.2295,3.3241,3.2252,...]
RESHAPE        0.117       [256,512]            values=[0.0421,0.1681,-0.090,0.0093,-0.022,...]
MATMUL_ND      4.588       [1,400,256]          values=[1.4217,-1.793,-0.291,-2.629,1.7863,...]
ADD            0.860       [1,400,256]          values=[-2.481,-0.584,-1.667,-3.692,0.0037,...]
RESHAPE        0.093       [1,20,20,256]        values=[-2.481,-0.584,-1.667,-3.692,0.0037,...]
TRANSPOSE      0.537       [1,256,20,20]        values=[-2.481,-2.447,-2.531,-2.430,-1.921,...]
SIGMOID        0.124       [1,256,20,20]        values=[0.0771,0.0796,0.0736,0.0808,0.1277,...]
MULTIPLY       0.133       [1,256,20,20]        values=[-0.191,-0.194,-0.186,-0.196,-0.245,...]
IM2COL         0.508       [1,400,256]          values=[-0.191,-0.209,-0.264,-0.089,0.0018,...]
RESHAPE        0.087       [256,256]            values=[-0.358,-0.619,-0.072,-0.574,0.4707,...]
MATMUL_ND      2.379       [1,400,256]          values=[0.3467,0.9380,0.8096,0.8684,2.0773,...]
ADD            0.868       [1,400,256]          values=[0.7822,-0.645,-1.354,-0.310,-1.026,...]
RESHAPE        0.096       [1,20,20,256]        values=[0.7822,-0.645,-1.354,-0.310,-1.026,...]
TRANSPOSE      0.330       [1,256,20,20]        values=[0.7822,0.9085,0.8858,1.2180,1.2692,...]
SIGMOID        0.123       [1,256,20,20]        values=[0.6861,0.7127,0.7080,0.7717,0.7806,...]
MULTIPLY       0.132       [1,256,20,20]        values=[0.5367,0.6475,0.6272,0.9400,0.9908,...]
SLICE          0.047       [1,128,20,20]        values=[0.5367,0.6475,0.6272,0.9400,0.9908,...]
SLICE          0.045       [1,128,20,20]        values=[0.3537,0.3666,0.2319,0.0061,-0.040,...]
IM2COL         0.250       [1,400,128]          values=[0.3537,0.6900,0.4037,0.3648,0.0469,...]
RESHAPE        0.033       [256,128]            values=[0.0625,0.1298,0.0324,0.1176,-0.077,...]
MATMUL_ND      1.240       [1,400,256]          values=[2.6226,-0.820,1.9433,-0.807,2.6493,...]
ADD            0.861       [1,400,256]          values=[2.4150,-1.674,1.8326,-0.585,2.0632,...]
RESHAPE        0.055       [1,20,20,256]        values=[2.4150,-1.674,1.8326,-0.585,2.0632,...]
TRANSPOSE      0.556       [1,256,20,20]        values=[2.4150,2.8710,2.9181,3.1101,3.1507,...]
RESHAPE        0.096       [1,2,128,400]        values=[2.4150,2.8710,2.9181,3.1101,3.1507,...]
SLICE          0.022       [1,2,32,400]         values=[2.4150,2.8710,2.9181,3.1101,3.1507,...]
SLICE          0.019       [1,2,32,400]         values=[2.2780,2.7072,2.7069,2.8974,2.8248,...]
SLICE          0.047       [1,2,64,400]         values=[-0.650,-0.289,-0.393,-0.413,-0.500,...]
TRANSPOSE      0.096       [1,2,400,32]         values=[2.4150,-1.674,1.8326,-0.585,2.0632,...]
RESHAPE        0.044       [1,128,20,20]        values=[-0.650,-0.289,-0.393,-0.413,-0.500,...]
MATMUL_ND      0.684       [1,2,400,400]        values=[40.315,38.537,35.516,33.696,33.143,...]
CONV2D         0.227       [1,128,20,20]        values=[0.4248,0.2159,0.2732,0.3010,0.3748,...]
MULTIPLY       3.226       [1,2,400,400]        values=[7.1268,6.8125,6.2784,5.9568,5.8589,...]
SOFTMAX        0.725       [1,2,400,400]        values=[0.0410,0.0299,0.0175,0.0127,0.0115,...]
TRANSPOSE      0.812       [1,2,400,400]        values=[0.0410,0.0171,0.0177,0.0153,0.0154,...]
MATMUL_ND      1.543       [1,2,64,400]         values=[-0.114,-0.095,-0.188,-0.190,-0.232,...]
RESHAPE        0.033       [1,128,20,20]        values=[-0.114,-0.095,-0.188,-0.190,-0.232,...]
ADD            0.123       [1,128,20,20]        values=[0.3104,0.1206,0.0852,0.1101,0.1426,...]
IM2COL         0.251       [1,400,128]          values=[0.3104,-0.057,-0.549,0.5109,1.5495,...]
RESHAPE        0.017       [128,128]            values=[-0.141,-0.046,-0.018,-0.104,0.0086,...]
MATMUL_ND      0.619       [1,400,128]          values=[-1.009,-0.366,0.4457,-0.791,-2.077,...]
ADD            0.432       [1,400,128]          values=[-0.907,0.0637,0.4049,-0.633,-1.541,...]
RESHAPE        0.045       [1,20,20,128]        values=[-0.907,0.0637,0.4049,-0.633,-1.541,...]
TRANSPOSE      0.157       [1,128,20,20]        values=[-0.907,-1.237,-0.761,-0.318,-0.232,...]
ADD            0.098       [1,128,20,20]        values=[-0.553,-0.871,-0.529,-0.312,-0.272,...]
IM2COL         0.253       [1,400,128]          values=[-0.553,0.7537,0.8087,-0.268,-1.494,...]
RESHAPE        0.034       [256,128]            values=[-0.025,-0.172,-0.051,-0.083,0.1498,...]
MATMUL_ND      1.289       [1,400,256]          values=[0.3194,-0.129,0.1393,2.0593,0.6259,...]
ADD            0.874       [1,400,256]          values=[-0.960,-1.336,-0.956,0.9357,-1.411,...]
RESHAPE        0.058       [1,20,20,256]        values=[-0.960,-1.336,-0.956,0.9357,-1.411,...]
TRANSPOSE      0.533       [1,256,20,20]        values=[-0.960,-0.978,-1.212,-1.229,-1.250,...]
SIGMOID        0.137       [1,256,20,20]        values=[0.2767,0.2732,0.2292,0.2262,0.2225,...]
MULTIPLY       0.160       [1,256,20,20]        values=[-0.265,-0.267,-0.277,-0.278,-0.278,...]
IM2COL         0.512       [1,400,256]          values=[-0.265,-0.278,-0.265,0.6720,-0.276,...]
RESHAPE        0.045       [128,256]            values=[0.3368,-0.114,-0.464,0.0958,0.0603,...]
MATMUL_ND      1.218       [1,400,128]          values=[-1.050,0.2294,1.5036,0.4863,0.5484,...]
ADD            0.431       [1,400,128]          values=[-0.468,-0.822,0.4569,0.7991,0.6545,...]
RESHAPE        0.045       [1,20,20,128]        values=[-0.468,-0.822,0.4569,0.7991,0.6545,...]
TRANSPOSE      0.259       [1,128,20,20]        values=[-0.468,-0.511,-0.515,-0.409,-0.381,...]
ADD            0.103       [1,128,20,20]        values=[-1.022,-1.383,-1.045,-0.721,-0.654,...]
CONCAT         0.096       [1,256,20,20]        values=[0.5367,0.6475,0.6272,0.9400,0.9908,...] weights=[-1.022,-1.383,-1.045,-0.721,-0.654,...]
IM2COL         0.506       [1,400,256]          values=[0.5367,-0.221,-0.277,-0.131,-0.270,...]
RESHAPE        0.068       [256,256]            values=[0.0260,-0.094,0.0274,0.0796,0.1808,...]
MATMUL_ND      2.412       [1,400,256]          values=[0.4349,-0.192,0.5759,-0.649,-0.076,...]
ADD            0.869       [1,400,256]          values=[-2.487,0.5188,-0.323,-1.000,-2.047,...]
RESHAPE        0.099       [1,20,20,256]        values=[-2.487,0.5188,-0.323,-1.000,-2.047,...]
TRANSPOSE      0.310       [1,256,20,20]        values=[-2.487,-2.965,-2.842,-2.408,-2.334,...]
SIGMOID        0.132       [1,256,20,20]        values=[0.0767,0.0490,0.0550,0.0824,0.0883,...]
MULTIPLY       0.143       [1,256,20,20]        values=[-0.190,-0.145,-0.156,-0.198,-0.206,...]
RESHAPE        0.103       [256,20,20]          values=[-0.190,-0.145,-0.156,-0.198,-0.206,...]
RESIZE         0.792       [256,40,40]          values=[-0.190,-0.190,-0.145,-0.145,-0.156,...]
RESHAPE        0.308       [1,256,40,40]        values=[-0.190,-0.190,-0.145,-0.145,-0.156,...]
CONCAT         0.434       [1,384,40,40]        values=[-0.190,-0.190,-0.145,-0.145,-0.156,...] weights=[-0.007,-0.030,0.0531,0.1145,0.0419,...]
IM2COL         3.184       [1,1600,384]         values=[-0.190,0.3252,-0.135,-0.268,-0.234,...]
RESHAPE        0.057       [128,384]            values=[-0.348,-0.087,0.0966,0.0205,-0.002,...]
MATMUL_ND      7.089       [1,1600,128]         values=[0.8463,0.9091,-1.280,0.3117,0.9661,...]
ADD            1.752       [1,1600,128]         values=[1.2890,0.4367,-2.067,0.4134,-0.709,...]
RESHAPE        0.126       [1,40,40,128]        values=[1.2890,0.4367,-2.067,0.4134,-0.709,...]
TRANSPOSE      1.101       [1,128,40,40]        values=[1.2890,0.8575,1.0822,1.1415,1.1399,...]
SIGMOID        0.246       [1,128,40,40]        values=[0.7840,0.7021,0.7469,0.7579,0.7576,...]
MULTIPLY       0.318       [1,128,40,40]        values=[1.0106,0.6021,0.8083,0.8652,0.8636,...]
SLICE          0.096       [1,64,40,40]         values=[1.0106,0.6021,0.8083,0.8652,0.8636,...]
SLICE          0.083       [1,64,40,40]         values=[0.3610,0.7031,0.6053,0.5433,0.6173,...]
IM2COL         2.748       [1,1600,576]         values=[0.0000,0.0000,0.0000,0.0000,0.3610,...]
RESHAPE        0.018       [32,576]             values=[0.0256,-0.046,0.1356,-0.056,-0.179,...]
MATMUL_ND      2.841       [1,1600,32]          values=[0.0002,-1.207,0.6428,0.3275,-0.467,...]
ADD            0.445       [1,1600,32]          values=[-0.322,-2.305,-0.486,-0.392,-1.427,...]
RESHAPE        0.034       [1,40,40,32]         values=[-0.322,-2.305,-0.486,-0.392,-1.427,...]
TRANSPOSE      0.264       [1,32,40,40]         values=[-0.322,-0.705,-0.644,-0.378,-0.312,...]
SIGMOID        0.070       [1,32,40,40]         values=[0.4201,0.3305,0.3442,0.4064,0.4225,...]
MULTIPLY       0.047       [1,32,40,40]         values=[-0.135,-0.233,-0.221,-0.153,-0.132,...]
IM2COL         1.302       [1,1600,288]         values=[0.0000,0.0000,0.0000,0.0000,-0.135,...]
RESHAPE        0.015       [64,288]             values=[0.0027,0.0496,0.1208,-0.139,-0.092,...]
MATMUL_ND      2.796       [1,1600,64]          values=[0.6261,1.9770,-1.132,-0.196,0.4022,...]
ADD            0.879       [1,1600,64]          values=[-0.345,2.3922,0.1143,-0.929,-1.219,...]
RESHAPE        0.089       [1,40,40,64]         values=[-0.345,2.3922,0.1143,-0.929,-1.219,...]
TRANSPOSE      0.501       [1,64,40,40]         values=[-0.345,-1.272,-1.039,-0.983,-1.079,...]
SIGMOID        0.117       [1,64,40,40]         values=[0.4145,0.2188,0.2613,0.2721,0.2535,...]
MULTIPLY       0.115       [1,64,40,40]         values=[-0.143,-0.278,-0.271,-0.267,-0.273,...]
ADD            0.154       [1,64,40,40]         values=[0.2179,0.4247,0.3338,0.2756,0.3436,...]
CONCAT         0.155       [1,128,40,40]        values=[1.0106,0.6021,0.8083,0.8652,0.8636,...] weights=[0.3610,0.7031,0.6053,0.5433,0.6173,...]
CONCAT         0.227       [1,192,40,40]        values=[1.0106,0.6021,0.8083,0.8652,0.8636,...] weights=[0.2179,0.4247,0.3338,0.2756,0.3436,...]
IM2COL         1.560       [1,1600,192]         values=[1.0106,0.2653,-0.232,0.2488,-0.233,...]
RESHAPE        0.025       [128,192]            values=[-0.125,-0.118,-0.257,-0.075,0.0426,...]
MATMUL_ND      3.699       [1,1600,128]         values=[0.4855,-0.138,-1.300,0.0023,-0.785,...]
ADD            1.734       [1,1600,128]         values=[-1.820,0.0762,-0.719,0.0187,-1.241,...]
RESHAPE        0.148       [1,40,40,128]        values=[-1.820,0.0762,-0.719,0.0187,-1.241,...]
TRANSPOSE      1.098       [1,128,40,40]        values=[-1.820,-0.445,0.2459,0.6880,0.6769,...]
SIGMOID        0.240       [1,128,40,40]        values=[0.1393,0.3903,0.5611,0.6655,0.6631,...]
MULTIPLY       0.284       [1,128,40,40]        values=[-0.253,-0.173,0.1380,0.4579,0.4489,...]
RESHAPE        0.172       [128,40,40]          values=[-0.253,-0.173,0.1380,0.4579,0.4489,...]
RESIZE         2.808       [128,80,80]          values=[-0.253,-0.253,-0.173,-0.173,0.1380,...]
RESHAPE        0.776       [1,128,80,80]        values=[-0.253,-0.253,-0.173,-0.173,0.1380,...]
CONCAT         1.309       [1,256,80,80]        values=[-0.253,-0.253,-0.173,-0.173,0.1380,...] weights=[-0.269,-0.210,-0.261,-0.244,-0.220,...]
IM2COL         13.219      [1,6400,256]         values=[-0.253,0.0395,-0.235,0.0094,-0.278,...]
RESHAPE        0.016       [64,256]             values=[-0.166,0.2063,0.1137,-0.175,-0.133,...]
MATMUL_ND      10.311      [1,6400,64]          values=[1.0514,-0.314,0.4280,0.1842,0.4318,...]
ADD            3.547       [1,6400,64]          values=[-1.732,-3.363,0.6414,0.4685,2.1674,...]
RESHAPE        0.242       [1,80,80,64]         values=[-1.732,-3.363,0.6414,0.4685,2.1674,...]
TRANSPOSE      2.522       [1,64,80,80]         values=[-1.732,-1.539,-1.949,-2.027,-1.960,...]
SIGMOID        0.532       [1,64,80,80]         values=[0.1502,0.1766,0.1245,0.1163,0.1233,...]
MULTIPLY       0.628       [1,64,80,80]         values=[-0.260,-0.271,-0.242,-0.235,-0.241,...]
SLICE          0.145       [1,32,80,80]         values=[-0.260,-0.271,-0.242,-0.235,-0.241,...]
SLICE          0.137       [1,32,80,80]         values=[1.4329,1.2367,1.3478,1.3665,1.5315,...]
IM2COL         4.772       [1,6400,288]         values=[0.0000,0.0000,0.0000,0.0000,1.4329,...]
RESHAPE        0.009       [16,288]             values=[-0.054,-0.034,0.0086,-0.021,-0.278,...]
MATMUL_ND      3.113       [1,6400,16]          values=[-1.041,0.0685,-0.424,-0.840,-0.948,...]
ADD            0.919       [1,6400,16]          values=[0.2236,0.9138,0.6299,-0.259,0.3069,...]
RESHAPE        0.082       [1,80,80,16]         values=[0.2236,0.9138,0.6299,-0.259,0.3069,...]
TRANSPOSE      0.477       [1,16,80,80]         values=[0.2236,0.0349,0.1499,-0.045,-0.080,...]
SIGMOID        0.123       [1,16,80,80]         values=[0.5556,0.5087,0.5374,0.4886,0.4798,...]
MULTIPLY       0.109       [1,16,80,80]         values=[0.1242,0.0177,0.0805,-0.022,-0.038,...]
IM2COL         2.400       [1,6400,144]         values=[0.0000,0.0000,0.0000,0.0000,0.1242,...]
RESHAPE        0.009       [32,144]             values=[0.0553,0.2312,0.0992,-0.270,-0.242,...]
MATMUL_ND      2.989       [1,6400,32]          values=[-1.106,-1.769,-1.428,0.3234,-1.334,...]
ADD            1.785       [1,6400,32]          values=[-0.310,-2.978,-1.509,0.8182,-2.023,...]
RESHAPE        0.144       [1,80,80,32]         values=[-0.310,-2.978,-1.509,0.8182,-2.023,...]
TRANSPOSE      1.000       [1,32,80,80]         values=[-0.310,-0.060,-0.585,-0.686,-0.487,...]
SIGMOID        0.264       [1,32,80,80]         values=[0.4229,0.4849,0.3577,0.3347,0.3803,...]
MULTIPLY       0.290       [1,32,80,80]         values=[-0.131,-0.029,-0.209,-0.229,-0.185,...]
ADD            0.304       [1,32,80,80]         values=[1.3014,1.2075,1.1384,1.1366,1.3460,...]
CONCAT         0.289       [1,64,80,80]         values=[-0.260,-0.271,-0.242,-0.235,-0.241,...] weights=[1.4329,1.2367,1.3478,1.3665,1.5315,...]
CONCAT         0.436       [1,96,80,80]         values=[-0.260,-0.271,-0.242,-0.235,-0.241,...] weights=[1.3014,1.2075,1.1384,1.1366,1.3460,...]
IM2COL         4.139       [1,6400,96]          values=[-0.260,-0.112,0.4202,0.2881,1.9448,...]
RESHAPE        0.006       [64,96]              values=[-0.039,0.0852,0.0364,0.0881,0.0342,...]
MATMUL_ND      3.944       [1,6400,64]          values=[0.2141,1.0956,0.1407,-0.534,-0.469,...]
ADD            3.520       [1,6400,64]          values=[0.3052,-0.065,0.6159,0.9943,-0.229,...]
RESHAPE        0.278       [1,80,80,64]         values=[0.3052,-0.065,0.6159,0.9943,-0.229,...]
TRANSPOSE      2.389       [1,64,80,80]         values=[0.3052,0.7521,1.5272,1.2498,1.1700,...]
SIGMOID        0.480       [1,64,80,80]         values=[0.5757,0.6796,0.8216,0.7772,0.7631,...]
MULTIPLY       0.620       [1,64,80,80]         values=[0.1757,0.5111,1.2548,0.9715,0.8929,...]
IM2COL         2.825       [1,1600,576]         values=[0.0000,0.0000,0.0000,0.0000,0.1757,...]
RESHAPE        0.028       [64,576]             values=[0.0741,0.0166,-0.049,0.0917,0.1030,...]
MATMUL_ND      5.362       [1,1600,64]          values=[1.3105,-3.052,0.7222,-1.481,-0.448,...]
ADD            0.879       [1,1600,64]          values=[-1.417,-1.981,-1.138,-1.517,-0.516,...]
RESHAPE        0.083       [1,40,40,64]         values=[-1.417,-1.981,-1.138,-1.517,-0.516,...]
TRANSPOSE      0.320       [1,64,40,40]         values=[-1.417,-0.669,-1.298,-1.434,-1.659,...]
IM2COL         9.519       [1,6400,576]         values=[0.0000,0.0000,0.0000,0.0000,0.1757,...]
RESHAPE        0.055       [64,576]             values=[-0.002,-0.066,-0.037,0.0681,0.1591,...]
MATMUL_ND      21.379      [1,6400,64]          values=[-1.767,-0.277,0.7859,-1.210,1.0889,...]
ADD            3.610       [1,6400,64]          values=[-2.917,0.6344,-0.939,-0.360,0.0259,...]
RESHAPE        0.323       [1,80,80,64]         values=[-2.917,0.6344,-0.939,-0.360,0.0259,...]
TRANSPOSE      2.517       [1,64,80,80]         values=[-2.917,-2.688,-2.550,-2.524,-2.680,...]
CONV2D         2.842       [1,64,80,80]         values=[0.1538,0.1940,0.6728,1.0018,0.8297,...]
SIGMOID        0.125       [1,64,40,40]         values=[0.1949,0.3385,0.2144,0.1924,0.1597,...]
SIGMOID        0.527       [1,64,80,80]         values=[0.0513,0.0636,0.0724,0.0741,0.0641,...]
SIGMOID        0.491       [1,64,80,80]         values=[0.5383,0.5483,0.6622,0.7314,0.6962,...]
MULTIPLY       0.159       [1,64,40,40]         values=[-0.276,-0.226,-0.278,-0.276,-0.265,...]
MULTIPLY       0.710       [1,64,80,80]         values=[-0.149,-0.171,-0.184,-0.187,-0.171,...]
MULTIPLY       0.769       [1,64,80,80]         values=[0.0828,0.1063,0.4455,0.7327,0.5777,...]
CONCAT         0.286       [1,192,40,40]        values=[-0.276,-0.226,-0.278,-0.276,-0.265,...] weights=[-0.253,-0.173,0.1380,0.4579,0.4489,...]
IM2COL         8.969       [1,6400,576]         values=[0.0000,0.0000,0.0000,0.0000,-0.149,...]
RESHAPE        0.030       [64,576]             values=[0.0606,0.0331,0.0197,0.0178,0.0412,...]
MATMUL_ND      21.360      [1,6400,64]          values=[0.1998,-5.155,-0.592,-1.619,-0.573,...]
ADD            3.523       [1,6400,64]          values=[0.4007,-2.709,0.9272,0.7017,0.0940,...]
RESHAPE        0.268       [1,80,80,64]         values=[0.4007,-2.709,0.9272,0.7017,0.0940,...]
TRANSPOSE      1.684       [1,64,80,80]         values=[0.4007,-1.600,3.5420,-1.490,3.9499,...]
IM2COL         2.621       [1,6400,64]          values=[0.0828,1.8762,0.1642,-0.191,0.2313,...]
RESHAPE        0.007       [80,64]              values=[0.0433,0.0889,-0.049,0.0808,0.0957,...]
MATMUL_ND      3.386       [1,6400,80]          values=[-2.259,-1.583,-1.200,0.3310,1.0931,...]
ADD            4.429       [1,6400,80]          values=[-0.661,-0.431,-0.530,0.7673,0.0997,...]
RESHAPE        0.339       [1,80,80,80]         values=[-0.661,-0.431,-0.530,0.7673,0.0997,...]
TRANSPOSE      1.609       [1,80,80,80]         values=[-0.661,-0.506,-0.448,-0.398,-0.389,...]
IM2COL         1.667       [1,1600,192]         values=[-0.276,-0.240,-0.276,-0.272,-0.193,...]
RESHAPE        0.027       [128,192]            values=[0.1319,-0.028,0.0577,0.2198,0.6850,...]
MATMUL_ND      3.879       [1,1600,128]         values=[0.8826,-0.815,0.8310,1.1015,-0.164,...]
ADD            1.729       [1,1600,128]         values=[1.1687,-0.200,-0.303,-0.889,-0.792,...]
RESHAPE        0.146       [1,40,40,128]        values=[1.1687,-0.200,-0.303,-0.889,-0.792,...]
TRANSPOSE      0.761       [1,128,40,40]        values=[1.1687,1.3901,1.3163,1.6305,1.6816,...]
SIGMOID        0.518       [1,64,80,80]         values=[0.5988,0.1678,0.9718,0.1838,0.9811,...]
SIGMOID        0.604       [1,80,80,80]         values=[0.3403,0.3761,0.3897,0.4015,0.4038,...]
SIGMOID        0.275       [1,128,40,40]        values=[0.7629,0.8006,0.7886,0.8362,0.8431,...]
MULTIPLY       0.631       [1,64,80,80]         values=[0.2400,-0.268,3.4424,-0.274,3.8753,...]
MULTIPLY       0.817       [1,80,80,80]         values=[-0.225,-0.190,-0.174,-0.160,-0.157,...]
MULTIPLY       0.366       [1,128,40,40]        values=[0.8916,1.1130,1.0381,1.3635,1.4177,...]
IM2COL         2.608       [1,6400,64]          values=[0.2400,-0.169,0.6643,0.4691,0.0492,...]
RESHAPE        0.006       [64,64]              values=[-0.068,0.0194,0.0196,0.0269,-0.013,...]
MATMUL_ND      2.728       [1,6400,64]          values=[4.2171,4.1235,0.9621,-0.338,-0.331,...]
ADD            3.498       [1,6400,64]          values=[6.3889,6.3970,3.0989,1.4061,1.5822,...]
RESHAPE        0.281       [1,80,80,64]         values=[6.3889,6.3970,3.0989,1.4061,1.5822,...]
TRANSPOSE      2.437       [1,64,80,80]         values=[6.3889,4.0337,2.7310,1.8544,1.5388,...]
CONV2D         1.948       [1,80,80,80]         values=[0.8149,0.1713,0.2182,0.2034,0.1815,...]
SLICE          0.090       [1,64,40,40]         values=[0.8916,1.1130,1.0381,1.3635,1.4177,...]
SLICE          0.082       [1,64,40,40]         values=[-0.113,-0.162,-0.223,-0.244,-0.228,...]
SIGMOID        0.576       [1,80,80,80]         values=[0.6931,0.5427,0.5543,0.5506,0.5452,...]
IM2COL         2.362       [1,1600,576]         values=[0.0000,0.0000,0.0000,0.0000,-0.113,...]
RESHAPE        0.034       [32,576]             values=[0.0374,-0.022,0.0071,0.0918,0.0469,...]
MATMUL_ND      2.860       [1,1600,32]          values=[0.2445,-0.156,-1.053,-0.190,-0.117,...]
ADD            0.456       [1,1600,32]          values=[-0.515,2.0333,-1.376,-1.004,-0.069,...]
RESHAPE        0.034       [1,40,40,32]         values=[-0.515,2.0333,-1.376,-1.004,-0.069,...]
TRANSPOSE      0.159       [1,32,40,40]         values=[-0.515,-0.898,-1.063,-0.869,-0.845,...]
MULTIPLY       0.817       [1,80,80,80]         values=[0.5648,0.0929,0.1209,0.1120,0.0989,...]
SIGMOID        0.078       [1,32,40,40]         values=[0.3738,0.2893,0.2566,0.2953,0.3003,...]
IM2COL         3.508       [1,6400,80]          values=[0.5648,1.6821,0.8539,1.3959,0.8717,...]
RESHAPE        0.009       [80,80]              values=[-0.042,0.6736,-0.030,1.8088,0.6350,...]
MATMUL_ND      4.110       [1,6400,80]          values=[-1.383,1.0176,-11.86,-4.355,3.6616,...]
ADD            4.365       [1,6400,80]          values=[1.2042,1.9515,2.8383,1.2448,2.8395,...]
RESHAPE        0.349       [1,80,80,80]         values=[1.2042,1.9515,2.8383,1.2448,2.8395,...]
TRANSPOSE      1.562       [1,80,80,80]         values=[1.2042,1.3195,1.7292,1.4919,1.5380,...]
MULTIPLY       0.103       [1,32,40,40]         values=[-0.192,-0.259,-0.272,-0.256,-0.253,...]
SIGMOID        0.626       [1,80,80,80]         values=[0.7692,0.7891,0.8493,0.8163,0.8231,...]
IM2COL         1.439       [1,1600,288]         values=[0.0000,0.0000,0.0000,0.0000,-0.192,...]
RESHAPE        0.024       [64,288]             values=[-0.033,-0.061,0.1685,0.0181,-0.013,...]
MATMUL_ND      2.775       [1,1600,64]          values=[-1.092,1.1384,0.7723,-0.784,-0.064,...]
ADD            0.873       [1,1600,64]          values=[0.5699,0.0614,-0.576,-2.124,-3.356,...]
RESHAPE        0.091       [1,40,40,64]         values=[0.5699,0.0614,-0.576,-2.124,-3.356,...]
TRANSPOSE      0.316       [1,64,40,40]         values=[0.5699,0.8195,0.4342,0.5477,0.5238,...]
MULTIPLY       0.979       [1,80,80,80]         values=[0.9264,1.0413,1.4686,1.2179,1.2661,...]
SIGMOID        0.159       [1,64,40,40]         values=[0.6387,0.6941,0.6068,0.6336,0.6280,...]
IM2COL         3.532       [1,6400,80]          values=[0.9264,1.7088,2.6814,0.9665,2.6827,...]
RESHAPE        0.009       [80,80]              values=[0.0232,-0.099,0.0070,0.0534,-0.003,...]
MATMUL_ND      4.116       [1,6400,80]          values=[-5.504,-3.516,-3.165,-3.479,-1.820,...]
ADD            4.373       [1,6400,80]          values=[-12.41,-15.12,-13.28,-15.26,-14.29,...]
RESHAPE        0.350       [1,80,80,80]         values=[-12.41,-15.12,-13.28,-15.26,-14.29,...]
TRANSPOSE      2.769       [1,80,80,80]         values=[-12.41,-13.55,-13.34,-13.17,-12.69,...]
MULTIPLY       0.207       [1,64,40,40]         values=[0.3640,0.5689,0.2635,0.3470,0.3290,...]
CONCAT         0.782       [1,144,80,80]        values=[6.3889,4.0337,2.7310,1.8544,1.5388,...] weights=[-12.41,-13.55,-13.34,-13.17,-12.69,...]
ADD            0.173       [1,64,40,40]         values=[0.2503,0.4060,0.0404,0.1027,0.1000,...]
RESHAPE        0.795       [1,144,6400]         values=[6.3889,4.0337,2.7310,1.8544,1.5388,...]
CONCAT         0.196       [1,128,40,40]        values=[0.8916,1.1130,1.0381,1.3635,1.4177,...] weights=[-0.113,-0.162,-0.223,-0.244,-0.228,...]
CONCAT         0.262       [1,192,40,40]        values=[0.8916,1.1130,1.0381,1.3635,1.4177,...] weights=[0.2503,0.4060,0.0404,0.1027,0.1000,...]
IM2COL         1.655       [1,1600,192]         values=[0.8916,-0.090,-0.128,-0.259,-0.246,...]
RESHAPE        0.035       [128,192]            values=[0.0456,0.0374,-0.063,-0.054,0.0847,...]
MATMUL_ND      3.969       [1,1600,128]         values=[0.4818,-0.277,-1.576,1.2996,-0.746,...]
ADD            1.751       [1,1600,128]         values=[0.7042,0.9641,-0.516,1.4909,-1.078,...]
RESHAPE        0.161       [1,40,40,128]        values=[0.7042,0.9641,-0.516,1.4909,-1.078,...]
TRANSPOSE      0.735       [1,128,40,40]        values=[0.7042,-0.795,-0.760,-0.658,-0.745,...]
SIGMOID        0.250       [1,128,40,40]        values=[0.6691,0.3108,0.3184,0.3411,0.3217,...]
MULTIPLY       0.296       [1,128,40,40]        values=[0.4712,-0.247,-0.242,-0.224,-0.239,...]
IM2COL         1.262       [1,400,1152]         values=[0.0000,0.0000,0.0000,0.0000,0.4712,...]
RESHAPE        0.154       [128,1152]           values=[0.0037,-0.039,0.0124,-0.052,-0.081,...]
MATMUL_ND      5.356       [1,400,128]          values=[-0.780,0.2903,0.3701,-0.413,-0.813,...]
ADD            0.437       [1,400,128]          values=[-1.009,0.2013,0.0593,-0.749,-1.521,...]
RESHAPE        0.020       [1,20,20,128]        values=[-1.009,0.2013,0.0593,-0.749,-1.521,...]
TRANSPOSE      0.247       [1,128,20,20]        values=[-1.009,-0.377,0.6256,-0.290,-0.791,...]
IM2COL         4.510       [1,1600,1152]        values=[0.0000,0.0000,0.0000,0.0000,0.4712,...]
RESHAPE        0.064       [64,1152]            values=[0.0275,0.1131,-0.003,-0.038,-0.086,...]
MATMUL_ND      10.743      [1,1600,64]          values=[0.0758,-0.143,-1.038,2.1118,0.9258,...]
ADD            0.886       [1,1600,64]          values=[0.1706,0.0576,-0.830,2.1973,0.0425,...]
RESHAPE        0.047       [1,40,40,64]         values=[0.1706,0.0576,-0.830,2.1973,0.0425,...]
TRANSPOSE      0.523       [1,64,40,40]         values=[0.1706,-0.493,0.5562,0.6837,0.9137,...]
CONV2D         1.420       [1,128,40,40]        values=[0.8518,2.2140,1.9713,1.9536,1.9739,...]
SIGMOID        0.073       [1,128,20,20]        values=[0.2671,0.4067,0.6515,0.4279,0.3117,...]
SIGMOID        0.135       [1,64,40,40]         values=[0.5425,0.3791,0.6355,0.6646,0.7137,...]
SIGMOID        0.295       [1,128,40,40]        values=[0.7009,0.9015,0.8777,0.8758,0.8780,...]
MULTIPLY       0.074       [1,128,20,20]        values=[-0.269,-0.153,0.4076,-0.124,-0.246,...]
MULTIPLY       0.165       [1,64,40,40]         values=[0.0925,-0.186,0.3535,0.4544,0.6521,...]
MULTIPLY       0.352       [1,128,40,40]        values=[0.5971,1.9960,1.7303,1.7110,1.7331,...]
CONCAT         0.137       [1,384,20,20]        values=[-0.269,-0.153,0.4076,-0.124,-0.246,...] weights=[-0.190,-0.145,-0.156,-0.198,-0.206,...]
IM2COL         2.351       [1,1600,576]         values=[0.0000,0.0000,0.0000,0.0000,0.0925,...]
RESHAPE        0.056       [64,576]             values=[-0.005,0.0494,0.0336,0.0534,-0.028,...]
MATMUL_ND      5.477       [1,1600,64]          values=[-0.164,-2.707,-2.461,2.3899,0.1613,...]
ADD            0.876       [1,1600,64]          values=[-0.752,-0.493,-0.852,1.4762,1.8072,...]
RESHAPE        0.117       [1,40,40,64]         values=[-0.752,-0.493,-0.852,1.4762,1.8072,...]
TRANSPOSE      0.515       [1,64,40,40]         values=[-0.752,0.2063,-0.074,-0.261,-0.297,...]
IM2COL         1.088       [1,1600,128]         values=[0.5971,0.4526,1.0131,0.5099,0.3804,...]
RESHAPE        0.012       [80,128]             values=[0.0244,-0.112,0.0260,0.0223,0.0387,...]
MATMUL_ND      1.597       [1,1600,80]          values=[0.4029,0.2802,0.6155,0.1253,1.3653,...]
ADD            1.084       [1,1600,80]          values=[0.8006,1.0112,-2.186,-0.039,-0.998,...]
RESHAPE        0.115       [1,40,40,80]         values=[0.8006,1.0112,-2.186,-0.039,-0.998,...]
TRANSPOSE      0.611       [1,80,40,40]         values=[0.8006,0.6779,1.0203,0.9258,0.9907,...]
IM2COL         0.770       [1,400,384]          values=[-0.269,0.1107,0.0305,-0.240,-0.272,...]
RESHAPE        0.119       [256,384]            values=[0.0167,-0.033,0.0403,-0.190,0.0780,...]
MATMUL_ND      3.544       [1,400,256]          values=[0.9279,1.4430,-0.918,1.8415,0.3690,...]
ADD            0.867       [1,400,256]          values=[0.3506,0.2854,-0.535,0.1963,-1.094,...]
RESHAPE        0.054       [1,20,20,256]        values=[0.3506,0.2854,-0.535,0.1963,-1.094,...]
TRANSPOSE      0.542       [1,256,20,20]        values=[0.3506,-0.173,-0.343,-0.271,-0.301,...]
SIGMOID        0.131       [1,64,40,40]         values=[0.3203,0.5514,0.4815,0.4348,0.4261,...]
SIGMOID        0.169       [1,80,40,40]         values=[0.6901,0.6633,0.7350,0.7162,0.7292,...]
SIGMOID        0.120       [1,256,20,20]        values=[0.5867,0.4566,0.4150,0.4325,0.4251,...]
MULTIPLY       0.175       [1,64,40,40]         values=[-0.240,0.1137,-0.035,-0.113,-0.126,...]
MULTIPLY       0.211       [1,80,40,40]         values=[0.5525,0.4497,0.7500,0.6631,0.7224,...]
MULTIPLY       0.169       [1,256,20,20]        values=[0.2057,-0.079,-0.142,-0.117,-0.128,...]
IM2COL         0.571       [1,1600,64]          values=[-0.240,-0.187,-0.254,1.2016,1.5525,...]
RESHAPE        0.005       [64,64]              values=[0.0101,-0.275,-0.114,0.0018,0.0068,...]
MATMUL_ND      0.678       [1,1600,64]          values=[3.3830,3.1588,0.9445,-0.236,0.0703,...]
ADD            0.880       [1,1600,64]          values=[5.9044,5.6334,3.3254,2.0014,2.1582,...]
RESHAPE        0.104       [1,40,40,64]         values=[5.9044,5.6334,3.3254,2.0014,2.1582,...]
TRANSPOSE      0.525       [1,64,40,40]         values=[5.9044,3.1420,2.1723,0.7860,0.1374,...]
CONV2D         0.890       [1,80,40,40]         values=[1.2553,1.0320,1.0929,1.0057,1.0370,...]
SLICE          0.050       [1,128,20,20]        values=[0.2057,-0.079,-0.142,-0.117,-0.128,...]
SLICE          0.044       [1,128,20,20]        values=[0.1433,0.2263,-0.043,-0.186,-0.122,...]
SIGMOID        0.186       [1,80,40,40]         values=[0.7782,0.7373,0.7489,0.7321,0.7382,...]
IM2COL         0.258       [1,400,128]          values=[0.1433,-0.274,0.5453,1.1932,0.4936,...]
RESHAPE        0.009       [64,128]             values=[-0.032,-0.032,-0.001,0.0655,0.0487,...]
MATMUL_ND      0.317       [1,400,64]           values=[0.2025,-0.349,0.3972,0.2092,-0.481,...]
ADD            0.218       [1,400,64]           values=[0.0692,-0.839,-0.732,0.2631,-1.386,...]
RESHAPE        0.024       [1,20,20,64]         values=[0.0692,-0.839,-0.732,0.2631,-1.386,...]
TRANSPOSE      0.136       [1,64,20,20]         values=[0.0692,0.2625,0.2143,0.2046,0.1760,...]
IM2COL         0.242       [1,400,128]          values=[0.1433,-0.274,0.5453,1.1932,0.4936,...]
RESHAPE        0.009       [64,128]             values=[0.1185,0.0259,-0.107,0.3107,-0.060,...]
MATMUL_ND      0.308       [1,400,64]           values=[-1.400,-1.831,-0.345,-0.244,-1.242,...]
ADD            0.218       [1,400,64]           values=[-1.851,-2.226,-0.502,-0.341,-1.330,...]
RESHAPE        0.026       [1,20,20,64]         values=[-1.851,-2.226,-0.502,-0.341,-1.330,...]
TRANSPOSE      0.198       [1,64,20,20]         values=[-1.851,-1.769,-1.812,-1.960,-1.643,...]
MULTIPLY       0.249       [1,80,40,40]         values=[0.9769,0.7609,0.8185,0.7364,0.7656,...]
SIGMOID        0.051       [1,64,20,20]         values=[0.5173,0.5652,0.5533,0.5509,0.5439,...]
SIGMOID        0.038       [1,64,20,20]         values=[0.1357,0.1455,0.1403,0.1234,0.1619,...]
IM2COL         0.726       [1,1600,80]          values=[0.9769,0.7771,-0.041,0.4205,0.1491,...]
RESHAPE        0.006       [80,80]              values=[-0.611,0.2828,-0.724,-0.889,0.4568,...]
MATMUL_ND      1.028       [1,1600,80]          values=[-3.628,1.0853,-6.307,-8.402,-5.031,...]
ADD            1.084       [1,1600,80]          values=[-1.737,1.1842,1.3053,-0.167,-1.335,...]
RESHAPE        0.108       [1,40,40,80]         values=[-1.737,1.1842,1.3053,-0.167,-1.335,...]
TRANSPOSE      0.623       [1,80,40,40]         values=[-1.737,-2.133,-1.749,-1.368,-1.475,...]
MULTIPLY       0.052       [1,64,20,20]         values=[0.0358,0.1484,0.1186,0.1127,0.0957,...]
MULTIPLY       0.048       [1,64,20,20]         values=[-0.251,-0.257,-0.254,-0.241,-0.266,...]
SIGMOID        0.166       [1,80,40,40]         values=[0.1496,0.1058,0.1480,0.2027,0.1861,...]
IM2COL         0.555       [1,400,576]          values=[0.0000,0.0000,0.0000,0.0000,0.0358,...]
RESHAPE        0.033       [64,576]             values=[0.3061,-0.103,-0.009,0.8785,0.3280,...]
MATMUL_ND      1.360       [1,400,64]           values=[-0.005,-0.525,0.4329,-0.311,0.6715,...]
ADD            0.219       [1,400,64]           values=[-1.770,-2.255,-0.379,-0.079,-0.865,...]
RESHAPE        0.020       [1,20,20,64]         values=[-1.770,-2.255,-0.379,-0.079,-0.865,...]
TRANSPOSE      0.100       [1,64,20,20]         values=[-1.770,0.0191,-0.437,-0.941,-0.840,...]
MULTIPLY       0.393       [1,80,40,40]         values=[-0.259,-0.225,-0.259,-0.277,-0.274,...]
SIGMOID        0.082       [1,64,20,20]         values=[0.1455,0.5047,0.3924,0.2805,0.3015,...]
IM2COL         0.677       [1,1600,80]          values=[-0.259,0.9068,1.0269,-0.076,-0.278,...]
RESHAPE        0.007       [80,80]              values=[0.0125,0.0158,0.0047,0.0181,-0.004,...]
MATMUL_ND      1.029       [1,1600,80]          values=[-6.361,-3.771,-4.393,-4.278,-2.944,...]
ADD            1.085       [1,1600,80]          values=[-12.68,-14.34,-13.44,-14.64,-13.75,...]
RESHAPE        0.079       [1,40,40,80]         values=[-12.68,-14.34,-13.44,-14.64,-13.75,...]
TRANSPOSE      0.642       [1,80,40,40]         values=[-12.68,-13.16,-13.61,-13.87,-13.53,...]
MULTIPLY       0.057       [1,64,20,20]         values=[-0.257,0.0096,-0.171,-0.264,-0.253,...]
CONCAT         0.226       [1,144,40,40]        values=[5.9044,3.1420,2.1723,0.7860,0.1374,...] weights=[-12.68,-13.16,-13.61,-13.87,-13.53,...]
IM2COL         0.553       [1,400,576]          values=[0.0000,0.0000,0.0000,0.0000,-0.257,...]
RESHAPE        0.030       [64,576]             values=[-0.035,0.0052,0.0205,0.0368,0.0235,...]
MATMUL_ND      1.402       [1,400,64]           values=[-0.241,0.4690,0.4486,-0.040,1.5025,...]
ADD            0.220       [1,400,64]           values=[-0.048,-1.094,-0.647,0.6824,0.2611,...]
RESHAPE        0.027       [1,20,20,64]         values=[-0.048,-1.094,-0.647,0.6824,0.2611,...]
TRANSPOSE      0.151       [1,64,20,20]         values=[-0.048,-0.180,-0.003,0.2974,0.3922,...]
RESHAPE        0.194       [1,144,1600]         values=[5.9044,3.1420,2.1723,0.7860,0.1374,...]
SIGMOID        0.059       [1,64,20,20]         values=[0.4878,0.4549,0.4990,0.5738,0.5968,...]
MULTIPLY       0.031       [1,64,20,20]         values=[-0.023,-0.082,-0.001,0.1706,0.2340,...]
ADD            0.046       [1,64,20,20]         values=[0.0120,0.0661,0.1167,0.2834,0.3298,...]
IM2COL         0.575       [1,400,576]          values=[0.0000,0.0000,0.0000,0.0000,0.0120,...]
RESHAPE        0.042       [64,576]             values=[0.0168,0.0689,-0.018,-0.037,-0.002,...]
MATMUL_ND      1.321       [1,400,64]           values=[0.1161,-0.131,-1.174,-0.150,0.4479,...]
ADD            0.241       [1,400,64]           values=[-0.514,-1.237,-1.121,0.0212,-0.295,...]
RESHAPE        0.020       [1,20,20,64]         values=[-0.514,-1.237,-1.121,0.0212,-0.295,...]
TRANSPOSE      0.139       [1,64,20,20]         values=[-0.514,-0.677,-0.534,-0.319,-0.273,...]
SIGMOID        0.052       [1,64,20,20]         values=[0.3741,0.3368,0.3694,0.4207,0.4320,...]
MULTIPLY       0.030       [1,64,20,20]         values=[-0.192,-0.228,-0.197,-0.134,-0.118,...]
IM2COL         0.581       [1,400,576]          values=[0.0000,0.0000,0.0000,0.0000,-0.192,...]
RESHAPE        0.051       [64,576]             values=[-0.087,-0.166,0.0548,-0.048,-0.074,...]
MATMUL_ND      1.334       [1,400,64]           values=[0.1577,-0.517,-0.502,0.0506,0.3503,...]
ADD            0.218       [1,400,64]           values=[-0.175,-0.106,-0.064,-0.869,0.0570,...]
RESHAPE        0.021       [1,20,20,64]         values=[-0.175,-0.106,-0.064,-0.869,0.0570,...]
TRANSPOSE      0.145       [1,64,20,20]         values=[-0.175,-0.145,-0.155,-0.483,-0.176,...]
SIGMOID        0.055       [1,64,20,20]         values=[0.4561,0.4636,0.4611,0.3815,0.4559,...]
MULTIPLY       0.031       [1,64,20,20]         values=[-0.080,-0.067,-0.071,-0.184,-0.080,...]
ADD            0.048       [1,64,20,20]         values=[-0.068,-0.001,0.0449,0.0991,0.2493,...]
CONCAT         0.050       [1,128,20,20]        values=[-0.068,-0.001,0.0449,0.0991,0.2493,...] weights=[-0.251,-0.257,-0.254,-0.241,-0.266,...]
IM2COL         0.256       [1,400,128]          values=[-0.068,-0.578,-0.491,0.3453,-0.100,...]
RESHAPE        0.019       [128,128]            values=[0.0506,-0.104,-0.009,0.0411,0.0937,...]
MATMUL_ND      0.637       [1,400,128]          values=[-0.531,0.2866,0.5563,0.5946,1.1860,...]
ADD            0.445       [1,400,128]          values=[0.3102,1.3458,0.0895,0.4729,0.0648,...]
RESHAPE        0.050       [1,20,20,128]        values=[0.3102,1.3458,0.0895,0.4729,0.0648,...]
TRANSPOSE      0.272       [1,128,20,20]        values=[0.3102,0.6184,0.2909,0.0856,0.5642,...]
SIGMOID        0.077       [1,128,20,20]        values=[0.5769,0.6499,0.5722,0.5214,0.6374,...]
MULTIPLY       0.073       [1,128,20,20]        values=[0.1789,0.4019,0.1665,0.0446,0.3596,...]
CONCAT         0.105       [1,256,20,20]        values=[0.2057,-0.079,-0.142,-0.117,-0.128,...] weights=[0.1433,0.2263,-0.043,-0.186,-0.122,...]
CONCAT         0.138       [1,384,20,20]        values=[0.2057,-0.079,-0.142,-0.117,-0.128,...] weights=[0.1789,0.4019,0.1665,0.0446,0.3596,...]
IM2COL         0.772       [1,400,384]          values=[0.2057,0.1629,-0.197,0.1077,-0.274,...]
RESHAPE        0.099       [256,384]            values=[-0.043,0.0758,-0.021,0.0220,0.0933,...]
MATMUL_ND      3.570       [1,400,256]          values=[-1.226,-0.512,0.0055,0.5497,-0.077,...]
ADD            0.862       [1,400,256]          values=[-1.651,-0.766,-0.900,-0.406,-0.753,...]
RESHAPE        0.054       [1,20,20,256]        values=[-1.651,-0.766,-0.900,-0.406,-0.753,...]
TRANSPOSE      0.553       [1,256,20,20]        values=[-1.651,-0.792,-0.251,-0.552,-0.835,...]
SIGMOID        0.145       [1,256,20,20]        values=[0.1608,0.3117,0.4374,0.3652,0.3025,...]
MULTIPLY       0.152       [1,256,20,20]        values=[-0.265,-0.246,-0.110,-0.201,-0.252,...]
IM2COL         2.270       [1,400,2304]         values=[0.0000,0.0000,0.0000,0.0000,-0.265,...]
RESHAPE        0.179       [64,2304]            values=[0.0106,0.0105,0.0821,0.0040,0.0377,...]
MATMUL_ND      5.479       [1,400,64]           values=[-0.385,0.1200,-0.604,-0.857,0.2115,...]
ADD            0.222       [1,400,64]           values=[-0.511,0.2082,-0.692,-1.230,0.2137,...]
RESHAPE        0.016       [1,20,20,64]         values=[-0.511,0.2082,-0.692,-1.230,0.2137,...]
TRANSPOSE      0.147       [1,64,20,20]         values=[-0.511,-1.221,-1.012,-1.292,-1.568,...]
CONV2D         0.749       [1,256,20,20]        values=[-0.179,-0.023,-0.094,-0.239,-0.114,...]
SIGMOID        0.055       [1,64,20,20]         values=[0.3748,0.2276,0.2665,0.2154,0.1724,...]
SIGMOID        0.145       [1,256,20,20]        values=[0.4552,0.4942,0.4763,0.4404,0.4714,...]
MULTIPLY       0.034       [1,64,20,20]         values=[-0.191,-0.278,-0.269,-0.278,-0.270,...]
MULTIPLY       0.131       [1,256,20,20]        values=[-0.081,-0.011,-0.045,-0.105,-0.053,...]
IM2COL         0.569       [1,400,576]          values=[0.0000,0.0000,0.0000,0.0000,-0.191,...]
RESHAPE        0.039       [64,576]             values=[0.0163,0.0662,0.0262,0.0196,0.0435,...]
MATMUL_ND      1.295       [1,400,64]           values=[-1.407,2.4875,-0.492,-0.846,0.5809,...]
ADD            0.218       [1,400,64]           values=[1.3723,1.8742,0.0157,0.8111,0.6955,...]
RESHAPE        0.018       [1,20,20,64]         values=[1.3723,1.8742,0.0157,0.8111,0.6955,...]
TRANSPOSE      0.141       [1,64,20,20]         values=[1.3723,5.1175,4.5700,-0.402,1.4867,...]
IM2COL         0.498       [1,400,256]          values=[-0.081,-0.133,0.8982,0.7844,0.3151,...]
RESHAPE        0.019       [80,256]             values=[0.0399,-0.033,-0.003,-0.007,-0.055,...]
MATMUL_ND      0.812       [1,400,80]           values=[0.3278,0.4550,0.9149,-0.815,0.0569,...]
ADD            0.271       [1,400,80]           values=[-0.366,-2.340,1.6843,-1.101,0.6206,...]
RESHAPE        0.013       [1,20,20,80]         values=[-0.366,-2.340,1.6843,-1.101,0.6206,...]
TRANSPOSE      0.170       [1,80,20,20]         values=[-0.366,-0.344,-0.064,0.1319,-0.236,...]
SIGMOID        0.054       [1,64,20,20]         values=[0.7978,0.9940,0.9897,0.4006,0.8155,...]
SIGMOID        0.048       [1,80,20,20]         values=[0.4093,0.4146,0.4839,0.5329,0.4410,...]
MULTIPLY       0.041       [1,64,20,20]         values=[1.0948,5.0870,4.5231,-0.161,1.2125,...]
MULTIPLY       0.052       [1,80,20,20]         values=[-0.150,-0.143,-0.031,0.0703,-0.104,...]
IM2COL         0.129       [1,400,64]           values=[1.0948,1.6248,0.0079,0.5615,0.4640,...]
RESHAPE        0.004       [64,64]              values=[0.0002,0.0122,0.0078,-0.109,0.0111,...]
MATMUL_ND      0.170       [1,400,64]           values=[2.3465,2.1934,0.3090,-0.605,-0.389,...]
ADD            0.218       [1,400,64]           values=[5.1825,4.9571,2.7953,1.7132,1.4541,...]
RESHAPE        0.010       [1,20,20,64]         values=[5.1825,4.9571,2.7953,1.7132,1.4541,...]
TRANSPOSE      0.143       [1,64,20,20]         values=[5.1825,3.2660,2.3523,1.0179,0.1281,...]
CONV2D         0.245       [1,80,20,20]         values=[0.8282,0.8001,0.6630,0.5335,0.7727,...]
SIGMOID        0.049       [1,80,20,20]         values=[0.6959,0.6900,0.6600,0.6303,0.6841,...]
MULTIPLY       0.043       [1,80,20,20]         values=[0.5764,0.5521,0.4376,0.3362,0.5286,...]
IM2COL         0.160       [1,400,80]           values=[0.5764,-0.270,1.5762,-0.277,1.4881,...]
RESHAPE        0.007       [80,80]              values=[-0.610,-0.648,-0.364,-0.391,-1.367,...]
MATMUL_ND      0.254       [1,400,80]           values=[-8.178,4.6354,-25.43,8.7375,-1.020,...]
ADD            0.271       [1,400,80]           values=[-0.740,4.1581,0.2076,7.4135,5.3275,...]
RESHAPE        0.038       [1,20,20,80]         values=[-0.740,4.1581,0.2076,7.4135,5.3275,...]
TRANSPOSE      0.175       [1,80,20,20]         values=[-0.740,-1.128,-1.356,-1.257,-1.260,...]
SIGMOID        0.064       [1,80,20,20]         values=[0.3227,0.2444,0.2048,0.2213,0.2208,...]
MULTIPLY       0.055       [1,80,20,20]         values=[-0.239,-0.275,-0.277,-0.278,-0.278,...]
IM2COL         0.161       [1,400,80]           values=[-0.239,4.0941,0.1145,7.4090,5.3017,...]
RESHAPE        0.006       [80,80]              values=[0.0225,-0.194,0.0309,-0.279,-0.151,...]
MATMUL_ND      0.252       [1,400,80]           values=[-6.433,-4.128,-4.596,-4.416,-4.348,...]
ADD            0.286       [1,400,80]           values=[-11.82,-13.23,-12.79,-13.09,-13.31,...]
RESHAPE        0.039       [1,20,20,80]         values=[-11.82,-13.23,-12.79,-13.09,-13.31,...]
TRANSPOSE      0.172       [1,80,20,20]         values=[-11.82,-11.36,-11.06,-10.90,-11.22,...]
CONCAT         0.061       [1,144,20,20]        values=[5.1825,3.2660,2.3523,1.0179,0.1281,...] weights=[-11.82,-11.36,-11.06,-10.90,-11.22,...]
RESHAPE        0.049       [1,144,400]          values=[5.1825,3.2660,2.3523,1.0179,0.1281,...]
CONCAT         1.040       [1,144,8000]         values=[6.3889,4.0337,2.7310,1.8544,1.5388,...] weights=[5.9044,3.1420,2.1723,0.7860,0.1374,...]
CONCAT         0.933       [1,144,8400]         values=[6.3889,4.0337,2.7310,1.8544,1.5388,...] weights=[5.1825,3.2660,2.3523,1.0179,0.1281,...]
SLICE          0.416       [1,64,8400]          values=[6.3889,4.0337,2.7310,1.8544,1.5388,...]
SLICE          0.513       [1,80,8400]          values=[-12.41,-13.55,-13.34,-13.17,-12.69,...]
RESHAPE        0.415       [1,4,16,8400]        values=[6.3889,4.0337,2.7310,1.8544,1.5388,...]
SIGMOID        0.971       [1,80,8400]          values=[0.0000,0.0000,0.0000,0.0000,0.0000,...]
TRANSPOSE      2.535       [1,16,4,8400]        values=[6.3889,4.0337,2.7310,1.8544,1.5388,...]
TRANSPOSE      1.353       [1,4,8400,16]        values=[6.3889,6.3970,3.0989,1.4061,1.5822,...]
SOFTMAX        2.764       [1,4,8400,16]        values=[0.4812,0.4851,0.0179,0.0032,0.0039,...]
TRANSPOSE      1.492       [1,16,4,8400]        values=[0.4812,0.0514,0.0497,0.0412,0.0540,...]
IM2COL         1.230       [1,33600,16]         values=[0.4812,0.4851,0.0179,0.0032,0.0039,...]
RESHAPE        0.001       [1,16]               values=[0.0000,1.0000,2.0000,3.0000,4.0000,...]
MATMUL_ND      0.344       [1,33600,1]          values=[0.6150,1.4696,2.4760,3.4503,4.5434,...]
RESHAPE        0.026       [1,4,8400,1]         values=[0.6150,1.4696,2.4760,3.4503,4.5434,...]
TRANSPOSE      0.142       [1,1,4,8400]         values=[0.6150,1.4696,2.4760,3.4503,4.5434,...]
RESHAPE        0.027       [1,4,8400]           values=[0.6150,1.4696,2.4760,3.4503,4.5434,...]
SLICE          0.014       [1,2,8400]           values=[0.6150,1.4696,2.4760,3.4503,4.5434,...]
SLICE          0.015       [1,2,8400]           values=[0.8942,2.6776,4.2487,6.8570,9.8337,...]
SUBTRACT       0.035       [1,2,8400]           values=[-0.115,0.0303,0.0239,0.0496,-0.043,...]
ADD            0.029       [1,2,8400]           values=[1.3942,4.1776,6.7487,10.357,14.333,...]
ADD            0.019       [1,2,8400]           values=[1.2792,4.2080,6.7727,10.406,14.290,...]
SUBTRACT       0.025       [1,2,8400]           values=[1.5092,4.1472,6.7247,10.307,14.377,...]
DIVIDE         0.142       [1,2,8400]           values=[0.6396,2.1040,3.3863,5.2033,7.1451,...]
CONCAT         0.023       [1,4,8400]           values=[0.6396,2.1040,3.3863,5.2033,7.1451,...] weights=[1.5092,4.1472,6.7247,10.307,14.377,...]
MULTIPLY       0.284       [1,4,8400]           values=[5.1168,16.832,27.091,41.626,57.161,...]
CONCAT         0.583       [1,84,8400]          values=[5.1168,16.832,27.091,41.626,57.161,...] weights=[0.0000,0.0000,0.0000,0.0000,0.0000,...]
------------------------------------------------------------
Total execution time: 809.096 ms
================================
