=== Graph Execution Profile ===
Operation      Time (ms)   Output Shape        Backend
------------------------------------------------------------
IM2COL         2.858       [1,102400,27]        values=[0.0000,0.0000,0.0000,0.0000,0.6738,...]
RESHAPE        0.001       [16,27]              values=[-19,-3,25,-49,-6,...]
MATMUL_ND      7.817       [1,102400,16]        values=[20.890,0.2705,-23.26,15.921,-22.54,...]
ADD            15.432      [1,102400,16]        values=[22.796,1.8759,-21.48,23.171,-19.21,...]
RESHAPE        0.820       [1,320,320,16]       values=[22.796,1.8759,-21.48,23.171,-19.21,...]
TRANSPOSE      3.912       [1,16,320,320]       values=[22.796,1.4619,1.3496,1.3300,1.2773,...]
SIGMOID        1.081       [1,16,320,320]       values=[1.0000,0.8120,0.7939,0.7910,0.7822,...]
MULTIPLY       1.692       [1,16,320,320]       values=[22.796,1.1875,1.0712,1.0517,0.9990,...]
IM2COL         3.644       [1,25600,144]        values=[0.0000,0.0000,0.0000,0.0000,22.796,...]
RESHAPE        0.003       [32,144]             values=[1,5,2,2,-6,...]
MATMUL_ND      4.783       [1,25600,32]         values=[-4.218,26.437,19.203,-1.809,-14.83,...]
ADD            7.512       [1,25600,32]         values=[-0.771,28.140,16.421,-2.800,-12.61,...]
RESHAPE        0.297       [1,160,160,32]       values=[-0.771,28.140,16.421,-2.800,-12.61,...]
TRANSPOSE      2.151       [1,32,160,160]       values=[-0.771,1.0683,1.2167,1.1328,1.1796,...]
SIGMOID        0.527       [1,32,160,160]       values=[0.3161,0.7441,0.7714,0.7563,0.7651,...]
MULTIPLY       0.767       [1,32,160,160]       values=[-0.243,0.7949,0.9389,0.8569,0.9028,...]
IM2COL         1.578       [1,25600,32]         values=[-0.243,28.140,16.421,-0.160,-0.000,...]
RESHAPE        0.003       [32,32]              values=[2,34,15,6,6,...]
MATMUL_ND      2.094       [1,25600,32]         values=[13.921,-5.027,-8.570,2.1582,-8.203,...]
ADD            7.480       [1,25600,32]         values=[17.093,-0.660,-2.968,4.7578,-10.32,...]
RESHAPE        0.307       [1,160,160,32]       values=[17.093,-0.660,-2.968,4.7578,-10.32,...]
TRANSPOSE      2.238       [1,32,160,160]       values=[17.093,13.531,13.906,14.156,14.421,...]
SIGMOID        0.550       [1,32,160,160]       values=[1.0000,1.0000,1.0000,1.0000,1.0000,...]
MULTIPLY       0.682       [1,32,160,160]       values=[17.093,13.531,13.906,14.156,14.421,...]
SLICE          0.189       [1,16,160,160]       values=[17.093,13.531,13.906,14.156,14.421,...]
SLICE          0.157       [1,16,160,160]       values=[0.1314,0.8286,0.6845,0.5849,0.3417,...]
IM2COL         2.944       [1,25600,144]        values=[0.0000,0.0000,0.0000,0.0000,0.1314,...]
RESHAPE        0.004       [8,144]              values=[-1,4,1,-2,36,...]
MATMUL_ND      3.462       [1,25600,8]          values=[0.6967,-1.951,-1.006,-3.748,0.0624,...]
ADD            1.871       [1,25600,8]          values=[1.4843,-0.543,-1.328,-4.046,1.4365,...]
RESHAPE        0.096       [1,160,160,8]        values=[1.4843,-0.543,-1.328,-4.046,1.4365,...]
TRANSPOSE      0.980       [1,8,160,160]        values=[1.4843,1.4697,1.4160,1.4335,1.3876,...]
SIGMOID        0.160       [1,8,160,160]        values=[0.8154,0.8129,0.8046,0.8076,0.8002,...]
MULTIPLY       0.150       [1,8,160,160]        values=[1.2099,1.1953,1.1396,1.1582,1.1103,...]
IM2COL         1.513       [1,25600,72]         values=[0.0000,0.0000,0.0000,0.0000,1.2099,...]
RESHAPE        0.002       [16,72]              values=[-1,17,-12,-1,36,...]
MATMUL_ND      2.399       [1,25600,16]         values=[-3.832,0.7631,0.6010,-4.589,10.648,...]
ADD            3.817       [1,25600,16]         values=[-4.609,-3.470,-10.37,-6.058,5.9843,...]
RESHAPE        0.171       [1,160,160,16]       values=[-4.609,-3.470,-10.37,-6.058,5.9843,...]
TRANSPOSE      1.950       [1,16,160,160]       values=[-4.609,1.5332,0.7778,2.4355,1.4570,...]
SIGMOID        0.271       [1,16,160,160]       values=[0.0098,0.8222,0.6850,0.9194,0.8110,...]
MULTIPLY       0.325       [1,16,160,160]       values=[-0.045,1.2607,0.5327,2.2402,1.1816,...]
ADD            0.370       [1,16,160,160]       values=[0.0860,2.0898,1.2167,2.8242,1.5234,...]
CONCAT         0.502       [1,32,160,160]       values=[17.093,13.531,13.906,14.156,14.421,...] weights=[0.1314,0.8286,0.6845,0.5849,0.3417,...]
CONCAT         0.452       [1,48,160,160]       values=[17.093,13.531,13.906,14.156,14.421,...] weights=[0.0860,2.0898,1.2167,2.8242,1.5234,...]
IM2COL         2.876       [1,25600,48]         values=[17.093,-0.224,-0.145,4.7187,-0.000,...]
RESHAPE        0.003       [64,48]              values=[9,1,2,-1,1,...]
MATMUL_ND      4.030       [1,25600,64]         values=[-0.130,-11.07,-9.890,-0.553,17.890,...]
ADD            14.702      [1,25600,64]         values=[5.0390,-8.609,-5.753,-0.076,7.7890,...]
RESHAPE        0.779       [1,160,160,64]       values=[5.0390,-8.609,-5.753,-0.076,7.7890,...]
TRANSPOSE      5.039       [1,64,160,160]       values=[5.0390,6.9375,6.1171,5.9140,5.8554,...]
SIGMOID        1.212       [1,64,160,160]       values=[0.9936,0.9990,0.9975,0.9970,0.9970,...]
MULTIPLY       1.508       [1,64,160,160]       values=[5.0078,6.9296,6.1015,5.8984,5.8398,...]
IM2COL         9.483       [1,6400,576]         values=[0.0000,0.0000,0.0000,0.0000,5.0078,...]
RESHAPE        0.009       [64,576]             values=[0,-3,2,-1,-4,...]
MATMUL_ND      3.950       [1,6400,64]          values=[2.5546,-0.341,-0.500,-1.066,-2.882,...]
ADD            3.685       [1,6400,64]          values=[3.8613,0.9335,0.0410,-0.970,-2.023,...]
RESHAPE        0.166       [1,80,80,64]         values=[3.8613,0.9335,0.0410,-0.970,-2.023,...]
TRANSPOSE      2.075       [1,64,80,80]         values=[3.8613,2.1113,2.0058,2.0625,2.0468,...]
SIGMOID        0.428       [1,64,80,80]         values=[0.9794,0.8920,0.8813,0.8872,0.8857,...]
MULTIPLY       0.322       [1,64,80,80]         values=[3.7812,1.8837,1.7675,1.8300,1.8134,...]
IM2COL         2.097       [1,6400,64]          values=[3.7812,0.6699,0.0209,-0.266,-0.236,...]
RESHAPE        0.002       [64,64]              values=[-5,-17,0,6,1,...]
MATMUL_ND      1.288       [1,6400,64]          values=[-0.251,-0.513,0.1728,-0.067,-2.585,...]
ADD            3.679       [1,6400,64]          values=[2.8906,0.2436,1.2324,0.5761,-2.396,...]
RESHAPE        0.176       [1,80,80,64]         values=[2.8906,0.2436,1.2324,0.5761,-2.396,...]
TRANSPOSE      2.087       [1,64,80,80]         values=[2.8906,2.0078,1.8662,1.8994,1.8134,...]
SIGMOID        0.431       [1,64,80,80]         values=[0.9472,0.8818,0.8662,0.8696,0.8598,...]
MULTIPLY       0.338       [1,64,80,80]         values=[2.7382,1.7705,1.6162,1.6513,1.5595,...]
SLICE          0.098       [1,32,80,80]         values=[2.7382,1.7705,1.6162,1.6513,1.5595,...]
SLICE          0.090       [1,32,80,80]         values=[-0.244,-0.009,0.0088,-0.057,0.0035,...]
IM2COL         5.052       [1,6400,288]         values=[0.0000,0.0000,0.0000,0.0000,-0.244,...]
RESHAPE        0.003       [16,288]             values=[1,2,-2,-10,0,...]
MATMUL_ND      1.826       [1,6400,16]          values=[-0.492,-0.579,-1.890,0.3867,-0.741,...]
ADD            0.976       [1,6400,16]          values=[1.0156,1.2548,0.5351,2.2578,0.2138,...]
RESHAPE        0.067       [1,80,80,16]         values=[1.0156,1.2548,0.5351,2.2578,0.2138,...]
TRANSPOSE      0.495       [1,16,80,80]         values=[1.0156,1.9316,1.1015,1.0605,0.8618,...]
SIGMOID        0.121       [1,16,80,80]         values=[0.7338,0.8735,0.7504,0.7426,0.7031,...]
MULTIPLY       0.085       [1,16,80,80]         values=[0.7451,1.6875,0.8266,0.7875,0.6059,...]
IM2COL         2.283       [1,6400,144]         values=[0.0000,0.0000,0.0000,0.0000,0.7451,...]
RESHAPE        0.002       [32,144]             values=[-4,2,-2,-3,1,...]
MATMUL_ND      1.261       [1,6400,32]          values=[0.7163,1.1367,-0.052,2.6445,-0.470,...]
ADD            1.862       [1,6400,32]          values=[1.3417,3.1132,0.7729,1.2177,0.5053,...]
RESHAPE        0.101       [1,80,80,32]         values=[1.3417,3.1132,0.7729,1.2177,0.5053,...]
TRANSPOSE      0.984       [1,32,80,80]         values=[1.3417,1.5517,1.5341,1.3798,1.5078,...]
SIGMOID        0.218       [1,32,80,80]         values=[0.7929,0.8251,0.8227,0.7988,0.8188,...]
MULTIPLY       0.150       [1,32,80,80]         values=[1.0644,1.2802,1.2626,1.1025,1.2343,...]
ADD            0.192       [1,32,80,80]         values=[0.8193,1.2705,1.2714,1.0449,1.2382,...]
CONCAT         0.178       [1,64,80,80]         values=[2.7382,1.7705,1.6162,1.6513,1.5595,...] weights=[-0.244,-0.009,0.0088,-0.057,0.0035,...]
CONCAT         0.239       [1,96,80,80]         values=[2.7382,1.7705,1.6162,1.6513,1.5595,...] weights=[0.8193,1.2705,1.2714,1.0449,1.2382,...]
IM2COL         3.387       [1,6400,96]          values=[2.7382,0.1365,0.9545,0.3688,-0.199,...]
RESHAPE        0.003       [128,96]             values=[13,0,-9,-1,-1,...]
MATMUL_ND      2.717       [1,6400,128]         values=[-5.386,-1.332,0.1660,-0.713,-1.280,...]
ADD            7.292       [1,6400,128]         values=[-1.070,-0.997,-0.755,-0.127,-1.490,...]
RESHAPE        0.329       [1,80,80,128]        values=[-1.070,-0.997,-0.755,-0.127,-1.490,...]
TRANSPOSE      3.675       [1,128,80,80]        values=[-1.070,-0.414,-0.468,-0.554,-0.332,...]
SIGMOID        0.838       [1,128,80,80]        values=[0.2553,0.3979,0.3850,0.3647,0.4177,...]
MULTIPLY       0.675       [1,128,80,80]        values=[-0.273,-0.164,-0.180,-0.202,-0.138,...]
IM2COL         4.626       [1,1600,1152]        values=[0.0000,0.0000,0.0000,0.0000,-0.273,...]
RESHAPE        0.067       [128,1152]           values=[-1,2,-3,10,9,...]
MATMUL_ND      4.180       [1,1600,128]         values=[0.8955,2.0039,0.7548,0.6777,0.1785,...]
ADD            1.819       [1,1600,128]         values=[-0.486,0.1367,-1.393,0.4536,-0.904,...]
RESHAPE        0.095       [1,40,40,128]        values=[-0.486,0.1367,-1.393,0.4536,-0.904,...]
TRANSPOSE      0.563       [1,128,40,40]        values=[-0.486,-1.146,-1.344,-0.970,-0.899,...]
SIGMOID        0.235       [1,128,40,40]        values=[0.3808,0.2410,0.2067,0.2746,0.2890,...]
MULTIPLY       0.147       [1,128,40,40]        values=[-0.185,-0.276,-0.278,-0.266,-0.260,...]
IM2COL         1.002       [1,1600,128]         values=[-0.185,0.0730,-0.277,0.2773,-0.260,...]
RESHAPE        0.004       [128,128]            values=[1,-2,-6,8,3,...]
MATMUL_ND      0.467       [1,1600,128]         values=[0.8510,2.4511,0.1611,0.6694,0.9150,...]
ADD            1.819       [1,1600,128]         values=[2.3515,1.6406,-1.040,-0.501,-0.135,...]
RESHAPE        0.107       [1,40,40,128]        values=[2.3515,1.6406,-1.040,-0.501,-0.135,...]
TRANSPOSE      0.602       [1,128,40,40]        values=[2.3515,1.7402,1.2509,1.2675,1.2285,...]
SIGMOID        0.164       [1,128,40,40]        values=[0.9130,0.8505,0.7773,0.7802,0.7734,...]
MULTIPLY       0.146       [1,128,40,40]        values=[2.1464,1.4804,0.9726,0.9892,0.9501,...]
SLICE          0.065       [1,64,40,40]         values=[2.1464,1.4804,0.9726,0.9892,0.9501,...]
SLICE          0.054       [1,64,40,40]         values=[-0.222,-0.195,-0.197,-0.159,-0.168,...]
IM2COL         0.513       [1,1600,64]          values=[-0.222,-0.182,-0.275,-0.015,0.7988,...]
RESHAPE        0.001       [32,64]              values=[-8,38,117,-65,-2,...]
MATMUL_ND      0.167       [1,1600,32]          values=[0.1042,0.7529,0.8310,-0.183,0.8515,...]
ADD            0.467       [1,1600,32]          values=[0.3483,0.5302,1.0429,0.7392,0.8515,...]
RESHAPE        0.020       [1,40,40,32]         values=[0.3483,0.5302,1.0429,0.7392,0.8515,...]
TRANSPOSE      0.162       [1,32,40,40]         values=[0.3483,-0.270,-0.488,-0.457,-0.608,...]
IM2COL         0.500       [1,1600,64]          values=[-0.222,-0.182,-0.275,-0.015,0.7988,...]
RESHAPE        0.001       [32,64]              values=[4,8,4,0,-5,...]
MATMUL_ND      0.147       [1,1600,32]          values=[-2.222,-0.372,-0.717,2.2050,-0.728,...]
ADD            0.467       [1,1600,32]          values=[-1.427,-0.372,-2.023,0.7714,-1.480,...]
RESHAPE        0.019       [1,40,40,32]         values=[-1.427,-0.372,-2.023,0.7714,-1.480,...]
TRANSPOSE      0.161       [1,32,40,40]         values=[-1.427,-0.696,-0.478,-0.480,-0.343,...]
SIGMOID        0.070       [1,32,40,40]         values=[0.5864,0.4328,0.3803,0.3876,0.3525,...]
SIGMOID        0.066       [1,32,40,40]         values=[0.1934,0.3325,0.3825,0.3820,0.4147,...]
MULTIPLY       0.038       [1,32,40,40]         values=[0.2043,-0.117,-0.185,-0.177,-0.214,...]
MULTIPLY       0.037       [1,32,40,40]         values=[-0.276,-0.231,-0.183,-0.183,-0.142,...]
IM2COL         1.186       [1,1600,288]         values=[0.0000,0.0000,0.0000,0.0000,0.2043,...]
RESHAPE        0.002       [32,288]             values=[6,-24,-38,13,-38,...]
MATMUL_ND      0.599       [1,1600,32]          values=[-0.687,-1.938,0.5952,-1.000,1.3466,...]
ADD            0.463       [1,1600,32]          values=[-1.703,-1.023,0.2734,-1.034,1.2617,...]
RESHAPE        0.022       [1,40,40,32]         values=[-1.703,-1.023,0.2734,-1.034,1.2617,...]
TRANSPOSE      0.257       [1,32,40,40]         values=[-1.703,-1.669,-1.701,-2.062,-2.093,...]
SIGMOID        0.067       [1,32,40,40]         values=[0.1540,0.1584,0.1542,0.1127,0.1096,...]
MULTIPLY       0.031       [1,32,40,40]         values=[-0.262,-0.264,-0.262,-0.232,-0.229,...]
IM2COL         1.185       [1,1600,288]         values=[0.0000,0.0000,0.0000,0.0000,-0.262,...]
RESHAPE        0.003       [32,288]             values=[-8,-1,6,-5,-14,...]
MATMUL_ND      0.533       [1,1600,32]          values=[-0.331,0.2736,0.6933,-0.088,0.5048,...]
ADD            0.466       [1,1600,32]          values=[0.7915,-0.124,0.9707,0.8779,2.0390,...]
RESHAPE        0.019       [1,40,40,32]         values=[0.7915,-0.124,0.9707,0.8779,2.0390,...]
TRANSPOSE      0.275       [1,32,40,40]         values=[0.7915,0.6708,0.8022,1.0009,0.9086,...]
SIGMOID        0.069       [1,32,40,40]         values=[0.6879,0.6616,0.6904,0.7314,0.7128,...]
MULTIPLY       0.040       [1,32,40,40]         values=[0.5444,0.4438,0.5537,0.7319,0.6479,...]
ADD            0.055       [1,32,40,40]         values=[0.7490,0.3266,0.3681,0.5546,0.4335,...]
IM2COL         1.193       [1,1600,288]         values=[0.0000,0.0000,0.0000,0.0000,0.7490,...]
RESHAPE        0.002       [32,288]             values=[8,-1,-15,-1,-40,...]
MATMUL_ND      0.584       [1,1600,32]          values=[-1.538,-1.495,-0.736,-0.100,-0.521,...]
ADD            0.466       [1,1600,32]          values=[-0.643,-1.770,-0.805,-0.720,0.3217,...]
RESHAPE        0.026       [1,40,40,32]         values=[-0.643,-1.770,-0.805,-0.720,0.3217,...]
TRANSPOSE      0.264       [1,32,40,40]         values=[-0.643,-0.097,0.0297,0.0166,-0.017,...]
SIGMOID        0.070       [1,32,40,40]         values=[0.3444,0.4758,0.5073,0.5039,0.4956,...]
MULTIPLY       0.036       [1,32,40,40]         values=[-0.221,-0.046,0.0151,0.0083,-0.008,...]
IM2COL         1.179       [1,1600,288]         values=[0.0000,0.0000,0.0000,0.0000,-0.221,...]
RESHAPE        0.003       [32,288]             values=[3,22,-2,-7,29,...]
MATMUL_ND      0.573       [1,1600,32]          values=[1.7080,0.1644,0.0281,-0.177,0.3723,...]
ADD            0.468       [1,1600,32]          values=[0.7324,2.0312,-0.480,1.8164,1.1777,...]
RESHAPE        0.023       [1,40,40,32]         values=[0.7324,2.0312,-0.480,1.8164,1.1777,...]
TRANSPOSE      0.265       [1,32,40,40]         values=[0.7324,0.4355,1.1298,1.2900,1.1337,...]
SIGMOID        0.069       [1,32,40,40]         values=[0.6752,0.6074,0.7558,0.7841,0.7563,...]
MULTIPLY       0.043       [1,32,40,40]         values=[0.4946,0.2646,0.8540,1.0117,0.8574,...]
ADD            0.052       [1,32,40,40]         values=[1.2441,0.5913,1.2226,1.5664,1.2910,...]
CONCAT         0.058       [1,64,40,40]         values=[1.2441,0.5913,1.2226,1.5664,1.2910,...] weights=[-0.276,-0.231,-0.183,-0.183,-0.142,...]
IM2COL         0.510       [1,1600,64]          values=[1.2441,2.0703,1.2910,2.6835,3.3007,...]
RESHAPE        0.002       [64,64]              values=[52,-31,14,30,47,...]
MATMUL_ND      0.336       [1,1600,64]          values=[0.8837,-0.275,0.5844,1.8134,1.7695,...]
ADD            0.917       [1,1600,64]          values=[-0.540,-0.859,1.2783,1.3388,-0.859,...]
RESHAPE        0.052       [1,40,40,64]         values=[-0.540,-0.859,1.2783,1.3388,-0.859,...]
TRANSPOSE      0.539       [1,64,40,40]         values=[-0.540,0.5439,0.4189,0.4570,-0.002,...]
SIGMOID        0.097       [1,64,40,40]         values=[0.3681,0.6328,0.6030,0.6123,0.4992,...]
MULTIPLY       0.083       [1,64,40,40]         values=[-0.198,0.3442,0.2526,0.2797,-0.001,...]
CONCAT         0.114       [1,128,40,40]        values=[2.1464,1.4804,0.9726,0.9892,0.9501,...] weights=[-0.222,-0.195,-0.197,-0.159,-0.168,...]
CONCAT         0.142       [1,192,40,40]        values=[2.1464,1.4804,0.9726,0.9892,0.9501,...] weights=[-0.198,0.3442,0.2526,0.2797,-0.001,...]
IM2COL         1.504       [1,1600,192]         values=[2.1464,1.3740,-0.271,-0.189,-0.063,...]
RESHAPE        0.007       [128,192]            values=[4,-1,-10,5,-8,...]
MATMUL_ND      0.579       [1,1600,128]         values=[0.4567,-0.625,-0.794,-0.356,-1.143,...]
ADD            1.834       [1,1600,128]         values=[-0.102,-0.278,-2.156,-0.311,-0.886,...]
RESHAPE        0.113       [1,40,40,128]        values=[-0.102,-0.278,-2.156,-0.311,-0.886,...]
TRANSPOSE      0.580       [1,128,40,40]        values=[-0.102,-0.448,-0.321,-0.297,-0.208,...]
SIGMOID        0.161       [1,128,40,40]        values=[0.4743,0.3896,0.4201,0.4262,0.4482,...]
MULTIPLY       0.176       [1,128,40,40]        values=[-0.048,-0.174,-0.135,-0.126,-0.093,...]
IM2COL         1.166       [1,400,1152]         values=[0.0000,0.0000,0.0000,0.0000,-0.048,...]
RESHAPE        0.103       [256,1152]           values=[-5,8,3,3,1,...]
MATMUL_ND      1.132       [1,400,256]          values=[-1.144,0.9677,-0.140,-0.277,0.8413,...]
ADD            0.909       [1,400,256]          values=[-0.327,1.1826,-0.614,-0.750,0.0668,...]
RESHAPE        0.045       [1,20,20,256]        values=[-0.327,1.1826,-0.614,-0.750,0.0668,...]
TRANSPOSE      0.338       [1,256,20,20]        values=[-0.327,-1.668,-1.534,-1.377,-1.303,...]
SIGMOID        0.079       [1,256,20,20]        values=[0.4189,0.1585,0.1773,0.2012,0.2135,...]
MULTIPLY       0.069       [1,256,20,20]        values=[-0.137,-0.264,-0.272,-0.277,-0.278,...]
IM2COL         0.577       [1,400,256]          values=[-0.137,0.9052,-0.215,-0.240,0.0345,...]
RESHAPE        0.018       [256,256]            values=[3,15,-7,0,-3,...]
MATMUL_ND      0.439       [1,400,256]          values=[-0.603,1.2070,-0.040,-1.825,0.5063,...]
ADD            0.920       [1,400,256]          values=[-1.345,0.4643,-0.189,-1.923,-0.953,...]
RESHAPE        0.037       [1,20,20,256]        values=[-1.345,0.4643,-0.189,-1.923,-0.953,...]
TRANSPOSE      0.277       [1,256,20,20]        values=[-1.345,-1.159,-1.580,-1.458,-1.525,...]
SIGMOID        0.065       [1,256,20,20]        values=[0.2065,0.2387,0.1707,0.1887,0.1787,...]
MULTIPLY       0.069       [1,256,20,20]        values=[-0.277,-0.276,-0.269,-0.275,-0.272,...]
SLICE          0.021       [1,128,20,20]        values=[-0.277,-0.276,-0.269,-0.275,-0.272,...]
SLICE          0.018       [1,128,20,20]        values=[0.6337,0.0058,-0.121,-0.166,-0.187,...]
IM2COL         0.297       [1,400,128]          values=[0.6337,-0.278,-0.277,-0.276,-0.210,...]
RESHAPE        0.002       [64,128]             values=[-8,7,-4,-3,-8,...]
MATMUL_ND      0.154       [1,400,64]           values=[-0.484,0.7949,1.1054,0.9008,0.0140,...]
ADD            0.231       [1,400,64]           values=[-1.058,1.5253,0.2011,0.6748,0.1531,...]
RESHAPE        0.007       [1,20,20,64]         values=[-1.058,1.5253,0.2011,0.6748,0.1531,...]
TRANSPOSE      0.076       [1,64,20,20]         values=[-1.058,-0.437,-0.225,-0.303,-0.082,...]
IM2COL         0.255       [1,400,128]          values=[0.6337,-0.278,-0.277,-0.276,-0.210,...]
RESHAPE        0.002       [64,128]             values=[-19,-23,1,-28,13,...]
MATMUL_ND      0.173       [1,400,64]           values=[2.4257,2.3417,0.2573,0.2912,-0.120,...]
ADD            0.230       [1,400,64]           values=[1.8183,2.3066,-0.230,0.1602,-1.060,...]
RESHAPE        0.011       [1,20,20,64]         values=[1.8183,2.3066,-0.230,0.1602,-1.060,...]
TRANSPOSE      0.077       [1,64,20,20]         values=[1.8183,1.0556,0.6259,0.9960,0.4482,...]
SIGMOID        0.026       [1,64,20,20]         values=[0.2575,0.3923,0.4438,0.4245,0.4794,...]
SIGMOID        0.048       [1,64,20,20]         values=[0.8603,0.7416,0.6513,0.7304,0.6103,...]
MULTIPLY       0.027       [1,64,20,20]         values=[-0.272,-0.171,-0.100,-0.129,-0.039,...]
MULTIPLY       0.025       [1,64,20,20]         values=[1.5644,0.7832,0.4077,0.7275,0.2736,...]
IM2COL         0.567       [1,400,576]          values=[0.0000,0.0000,0.0000,0.0000,-0.272,...]
RESHAPE        0.008       [64,576]             values=[-6,0,0,-6,-10,...]
MATMUL_ND      0.466       [1,400,64]           values=[-0.999,-1.325,-1.626,-0.250,-0.024,...]
ADD            0.230       [1,400,64]           values=[-0.374,-0.560,-2.236,-1.062,0.1630,...]
RESHAPE        0.010       [1,20,20,64]         values=[-0.374,-0.560,-2.236,-1.062,0.1630,...]
TRANSPOSE      0.119       [1,64,20,20]         values=[-0.374,0.5073,0.6430,0.9038,1.2187,...]
SIGMOID        0.024       [1,64,20,20]         values=[0.4074,0.6240,0.6552,0.7119,0.7719,...]
MULTIPLY       0.017       [1,64,20,20]         values=[-0.152,0.3166,0.4213,0.6435,0.9409,...]
IM2COL         0.569       [1,400,576]          values=[0.0000,0.0000,0.0000,0.0000,-0.152,...]
RESHAPE        0.008       [64,576]             values=[12,3,-10,6,9,...]
MATMUL_ND      0.496       [1,400,64]           values=[0.4697,-0.116,0.1605,-0.730,-1.245,...]
ADD            0.230       [1,400,64]           values=[0.1201,1.5917,0.4833,-1.161,-1.338,...]
RESHAPE        0.008       [1,20,20,64]         values=[0.1201,1.5917,0.4833,-1.161,-1.338,...]
TRANSPOSE      0.080       [1,64,20,20]         values=[0.1201,0.4135,0.2050,0.1689,0.2285,...]
SIGMOID        0.036       [1,64,20,20]         values=[0.5297,0.6020,0.5512,0.5419,0.5566,...]
MULTIPLY       0.044       [1,64,20,20]         values=[0.0636,0.2490,0.1130,0.0915,0.1271,...]
ADD            0.020       [1,64,20,20]         values=[-0.208,0.0775,0.0130,-0.037,0.0877,...]
IM2COL         0.583       [1,400,576]          values=[0.0000,0.0000,0.0000,0.0000,-0.208,...]
RESHAPE        0.009       [64,576]             values=[-1,-6,5,4,-2,...]
MATMUL_ND      0.468       [1,400,64]           values=[0.3564,-0.924,-0.465,-1.703,-1.756,...]
ADD            0.243       [1,400,64]           values=[0.3564,-0.850,-0.145,-1.751,-1.338,...]
RESHAPE        0.007       [1,20,20,64]         values=[0.3564,-0.850,-0.145,-1.751,-1.338,...]
TRANSPOSE      0.143       [1,64,20,20]         values=[0.3564,0.4072,0.6381,0.5888,0.7421,...]
SIGMOID        0.043       [1,64,20,20]         values=[0.5883,0.6005,0.6542,0.6430,0.6772,...]
MULTIPLY       0.023       [1,64,20,20]         values=[0.2097,0.2446,0.4174,0.3786,0.5024,...]
IM2COL         0.582       [1,400,576]          values=[0.0000,0.0000,0.0000,0.0000,0.2097,...]
RESHAPE        0.009       [64,576]             values=[1,1,2,-3,-3,...]
MATMUL_ND      0.488       [1,400,64]           values=[-0.323,-0.083,-0.231,-0.471,0.1500,...]
ADD            0.230       [1,400,64]           values=[1.1943,1.2490,0.1752,-0.953,1.3349,...]
RESHAPE        0.009       [1,20,20,64]         values=[1.1943,1.2490,0.1752,-0.953,1.3349,...]
TRANSPOSE      0.142       [1,64,20,20]         values=[1.1943,1.0322,1.4384,1.8798,2.2050,...]
SIGMOID        0.041       [1,64,20,20]         values=[0.7675,0.7373,0.8081,0.8676,0.9008,...]
MULTIPLY       0.023       [1,64,20,20]         values=[0.9165,0.7612,1.1621,1.6308,1.9863,...]
ADD            0.032       [1,64,20,20]         values=[0.7075,0.8388,1.1748,1.5937,2.0742,...]
CONCAT         0.026       [1,128,20,20]        values=[0.7075,0.8388,1.1748,1.5937,2.0742,...] weights=[1.5644,0.7832,0.4077,0.7275,0.2736,...]
IM2COL         0.297       [1,400,128]          values=[0.7075,3.5468,0.5048,-0.095,0.8613,...]
RESHAPE        0.004       [128,128]            values=[-9,2,-2,-3,-5,...]
MATMUL_ND      0.243       [1,400,128]          values=[-0.608,-0.724,-2.070,1.3085,2.5742,...]
ADD            0.456       [1,400,128]          values=[-0.795,0.4003,-1.433,-0.378,1.7871,...]
RESHAPE        0.022       [1,20,20,128]        values=[-0.795,0.4003,-1.433,-0.378,1.7871,...]
TRANSPOSE      0.280       [1,128,20,20]        values=[-0.795,-1.004,-1.411,-1.678,-1.685,...]
SIGMOID        0.043       [1,128,20,20]        values=[0.3107,0.2680,0.1960,0.1572,0.1563,...]
MULTIPLY       0.054       [1,128,20,20]        values=[-0.247,-0.269,-0.276,-0.263,-0.263,...]
CONCAT         0.055       [1,256,20,20]        values=[-0.277,-0.276,-0.269,-0.275,-0.272,...] weights=[0.6337,0.0058,-0.121,-0.166,-0.187,...]
CONCAT         0.066       [1,384,20,20]        values=[-0.277,-0.276,-0.269,-0.275,-0.272,...] weights=[-0.247,-0.269,-0.276,-0.263,-0.263,...]
IM2COL         0.912       [1,400,384]          values=[-0.277,0.2851,-0.085,-0.245,-0.265,...]
RESHAPE        0.027       [256,384]            values=[-2,-8,5,-1,9,...]
MATMUL_ND      0.431       [1,400,256]          values=[0.7783,-0.390,1.0058,0.8286,0.3002,...]
ADD            0.909       [1,400,256]          values=[0.3249,-1.107,1.2705,0.3942,-0.209,...]
RESHAPE        0.041       [1,20,20,256]        values=[0.3249,-1.107,1.2705,0.3942,-0.209,...]
TRANSPOSE      0.516       [1,256,20,20]        values=[0.3249,1.0537,0.8144,0.6191,0.5078,...]
SIGMOID        0.121       [1,256,20,20]        values=[0.5805,0.7416,0.6928,0.6499,0.6245,...]
MULTIPLY       0.070       [1,256,20,20]        values=[0.1885,0.7817,0.5644,0.4023,0.3171,...]
IM2COL         0.594       [1,400,256]          values=[0.1885,-0.275,0.9921,0.2354,-0.093,...]
RESHAPE        0.010       [128,256]            values=[2,-25,12,22,-9,...]
MATMUL_ND      0.336       [1,400,128]          values=[0.4580,-0.661,-0.561,1.5458,-0.011,...]
ADD            0.456       [1,400,128]          values=[3.3359,1.8378,1.5097,3.4003,3.1054,...]
RESHAPE        0.019       [1,20,20,128]        values=[3.3359,1.8378,1.5097,3.4003,3.1054,...]
TRANSPOSE      0.148       [1,128,20,20]        values=[3.3359,2.3027,2.0527,1.8388,2.0488,...]
SIGMOID        0.042       [1,128,20,20]        values=[0.9658,0.9091,0.8862,0.8627,0.8857,...]
MULTIPLY       0.032       [1,128,20,20]        values=[3.2226,2.0937,1.8193,1.5869,1.8144,...]
MAXPOOL        0.788       [1,128,20,20]        values=[3.2226,3.2226,3.2226,2.1699,2.4531,...]
MAXPOOL        0.789       [1,128,20,20]        values=[3.2226,3.3964,3.3964,3.3964,3.3984,...]
MAXPOOL        0.819       [1,128,20,20]        values=[4.3750,4.3750,4.3750,4.3750,4.3750,...]
CONCAT         0.033       [1,256,20,20]        values=[3.2226,2.0937,1.8193,1.5869,1.8144,...] weights=[3.2226,3.2226,3.2226,2.1699,2.4531,...]
CONCAT         0.066       [1,384,20,20]        values=[3.2226,2.0937,1.8193,1.5869,1.8144,...] weights=[3.2226,3.3964,3.3964,3.3964,3.3984,...]
CONCAT         0.086       [1,512,20,20]        values=[3.2226,2.0937,1.8193,1.5869,1.8144,...] weights=[4.3750,4.3750,4.3750,4.3750,4.3750,...]
IM2COL         1.212       [1,400,512]          values=[3.2226,1.5859,1.2363,3.2910,2.9726,...]
RESHAPE        0.038       [256,512]            values=[3,11,-6,1,-2,...]
MATMUL_ND      0.500       [1,400,256]          values=[1.6337,-2.162,-0.257,-2.552,1.8291,...]
ADD            0.908       [1,400,256]          values=[-2.218,-0.923,-1.633,-3.652,0.0400,...]
RESHAPE        0.040       [1,20,20,256]        values=[-2.218,-0.923,-1.633,-3.652,0.0400,...]
TRANSPOSE      0.278       [1,256,20,20]        values=[-2.218,-1.607,-2.021,-1.824,-1.550,...]
SIGMOID        0.113       [1,256,20,20]        values=[0.0980,0.1669,0.1169,0.1389,0.1749,...]
MULTIPLY       0.072       [1,256,20,20]        values=[-0.217,-0.268,-0.236,-0.253,-0.271,...]
IM2COL         0.572       [1,400,256]          values=[-0.217,-0.262,-0.266,-0.092,0.0204,...]
RESHAPE        0.017       [256,256]            values=[-13,-23,-3,-21,18,...]
MATMUL_ND      0.351       [1,400,256]          values=[0.8173,0.1368,0.6108,1.0761,1.8320,...]
ADD            0.909       [1,400,256]          values=[1.2412,-1.453,-1.544,-0.089,-1.277,...]
RESHAPE        0.031       [1,20,20,256]        values=[1.2412,-1.453,-1.544,-0.089,-1.277,...]
TRANSPOSE      0.515       [1,256,20,20]        values=[1.2412,1.3457,1.2919,1.6640,1.6914,...]
SIGMOID        0.122       [1,256,20,20]        values=[0.7758,0.7934,0.7846,0.8408,0.8442,...]
MULTIPLY       0.074       [1,256,20,20]        values=[0.9628,1.0673,1.0136,1.3994,1.4277,...]
SLICE          0.021       [1,128,20,20]        values=[0.9628,1.0673,1.0136,1.3994,1.4277,...]
SLICE          0.020       [1,128,20,20]        values=[0.9614,1.2001,0.8740,0.5610,0.4621,...]
IM2COL         0.296       [1,400,128]          values=[0.9614,0.7285,0.0229,0.5917,-0.026,...]
RESHAPE        0.007       [256,128]            values=[7,14,4,13,-9,...]
MATMUL_ND      0.348       [1,400,256]          values=[2.5937,-0.487,2.0703,-0.683,2.6660,...]
ADD            0.908       [1,400,256]          values=[2.3945,-1.380,1.9707,-0.485,2.0703,...]
RESHAPE        0.045       [1,20,20,256]        values=[2.3945,-1.380,1.9707,-0.485,2.0703,...]
TRANSPOSE      0.283       [1,256,20,20]        values=[2.3945,2.6933,2.8476,2.9160,3.0156,...]
RESHAPE        0.038       [1,2,128,400]        values=[2.3945,2.6933,2.8476,2.9160,3.0156,...]
SLICE          0.010       [1,2,32,400]         values=[2.3945,2.6933,2.8476,2.9160,3.0156,...]
SLICE          0.010       [1,2,32,400]         values=[2.0937,2.6113,2.7441,2.8457,2.8359,...]
SLICE          0.021       [1,2,64,400]         values=[-0.687,0.0961,-0.036,0.0712,0.1831,...]
TRANSPOSE      0.123       [1,2,400,32]         values=[2.3945,-1.380,1.9707,-0.485,2.0703,...]
RESHAPE        0.022       [1,128,20,20]        values=[-0.687,0.0961,-0.036,0.0712,0.1831,...]
MATMUL_ND      0.888       [1,2,400,400]        values=[46.312,46.593,43.031,42.000,41.218,...]
CONV2D         0.838       [1,128,20,20]        values=[0.4458,-0.043,0.0357,-0.023,-0.075,...]
MULTIPLY       3.226       [1,2,400,400]        values=[8.1875,8.2343,7.6054,7.4218,7.2851,...]
SOFTMAX        0.941       [1,2,400,400]        values=[0.0318,0.0333,0.0177,0.0148,0.0129,...]
TRANSPOSE      1.611       [1,2,400,400]        values=[0.0318,0.0111,0.0122,0.0118,0.0110,...]
MATMUL_ND      0.851       [1,2,64,400]         values=[0.3117,0.4152,0.3483,0.3193,0.3022,...]
RESHAPE        0.019       [1,128,20,20]        values=[0.3117,0.4152,0.3483,0.3193,0.3022,...]
ADD            0.063       [1,128,20,20]        values=[0.7578,0.3718,0.3840,0.2954,0.2263,...]
IM2COL         0.275       [1,400,128]          values=[0.7578,-0.076,-0.401,0.4677,1.6269,...]
RESHAPE        0.004       [128,128]            values=[-12,-4,-2,-9,1,...]
MATMUL_ND      0.182       [1,400,128]          values=[-0.323,-0.107,-0.069,-1.159,-2.275,...]
ADD            0.457       [1,400,128]          values=[-0.224,0.3229,-0.111,-1.003,-1.739,...]
RESHAPE        0.012       [1,20,20,128]        values=[-0.224,0.3229,-0.111,-1.003,-1.739,...]
TRANSPOSE      0.166       [1,128,20,20]        values=[-0.224,-0.541,-0.055,0.3984,0.6362,...]
ADD            0.056       [1,128,20,20]        values=[0.7368,0.6586,0.8183,0.9594,1.0986,...]
IM2COL         0.270       [1,400,128]          values=[0.7368,1.0517,-0.088,-0.412,-1.765,...]
RESHAPE        0.009       [256,128]            values=[-6,-40,-12,-19,35,...]
MATMUL_ND      0.327       [1,400,256]          values=[0.3745,-0.086,-0.428,1.5566,0.7324,...]
ADD            0.907       [1,400,256]          values=[-0.894,-1.284,-1.533,0.4287,-1.312,...]
RESHAPE        0.053       [1,20,20,256]        values=[-0.894,-1.284,-1.533,0.4287,-1.312,...]
TRANSPOSE      0.530       [1,256,20,20]        values=[-0.894,-1.058,-1.320,-1.349,-1.351,...]
SIGMOID        0.099       [1,256,20,20]        values=[0.2902,0.2575,0.2108,0.2059,0.2055,...]
MULTIPLY       0.080       [1,256,20,20]        values=[-0.259,-0.272,-0.278,-0.277,-0.277,...]
IM2COL         0.584       [1,400,256]          values=[-0.259,-0.278,-0.272,0.2595,-0.278,...]
RESHAPE        0.009       [128,256]            values=[18,-6,-24,5,3,...]
MATMUL_ND      0.214       [1,400,128]          values=[-0.608,0.8461,0.9511,0.5043,-0.042,...]
ADD            0.455       [1,400,128]          values=[-0.017,-0.210,-0.105,0.8154,0.0505,...]
RESHAPE        0.023       [1,20,20,128]        values=[-0.017,-0.210,-0.105,0.8154,0.0505,...]
TRANSPOSE      0.145       [1,128,20,20]        values=[-0.017,-0.225,-0.367,-0.222,-0.232,...]
ADD            0.042       [1,128,20,20]        values=[0.7192,0.4335,0.4506,0.7368,0.8662,...]
CONCAT         0.046       [1,256,20,20]        values=[0.9628,1.0673,1.0136,1.3994,1.4277,...] weights=[0.7192,0.4335,0.4506,0.7368,0.8662,...]
IM2COL         0.617       [1,400,256]          values=[0.9628,-0.275,-0.271,-0.042,-0.278,...]
RESHAPE        0.020       [256,256]            values=[7,-25,7,21,48,...]
MATMUL_ND      0.411       [1,400,256]          values=[0.9013,-0.210,0.8413,-1.032,-0.602,...]
ADD            0.907       [1,400,256]          values=[-2.031,0.4980,-0.062,-1.374,-2.582,...]
RESHAPE        0.042       [1,20,20,256]        values=[-2.031,0.4980,-0.062,-1.374,-2.582,...]
TRANSPOSE      0.500       [1,256,20,20]        values=[-2.031,-2.833,-2.841,-2.199,-2.201,...]
SIGMOID        0.118       [1,256,20,20]        values=[0.1159,0.0555,0.0551,0.0997,0.0996,...]
MULTIPLY       0.071       [1,256,20,20]        values=[-0.235,-0.157,-0.156,-0.219,-0.219,...]
RESHAPE        0.043       [256,20,20]          values=[-0.235,-0.157,-0.156,-0.219,-0.219,...]
RESIZE         1.555       [256,40,40]          values=[-0.235,-0.235,-0.157,-0.157,-0.156,...]
RESHAPE        0.197       [1,256,40,40]        values=[-0.235,-0.235,-0.157,-0.157,-0.156,...]
CONCAT         0.270       [1,384,40,40]        values=[-0.235,-0.235,-0.157,-0.157,-0.156,...] weights=[-0.048,-0.174,-0.135,-0.126,-0.093,...]
IM2COL         2.980       [1,1600,384]         values=[-0.235,0.3098,-0.030,-0.277,-0.181,...]
RESHAPE        0.016       [128,384]            values=[-51,-13,14,3,0,...]
MATMUL_ND      1.443       [1,1600,128]         values=[0.9301,0.4101,-1.107,0.1586,0.7690,...]
ADD            1.819       [1,1600,128]         values=[1.3642,-0.050,-1.893,0.2670,-0.912,...]
RESHAPE        0.101       [1,40,40,128]        values=[1.3642,-0.050,-1.893,0.2670,-0.912,...]
TRANSPOSE      1.017       [1,128,40,40]        values=[1.3642,0.7807,1.0156,1.0742,0.9697,...]
SIGMOID        0.223       [1,128,40,40]        values=[0.7963,0.6860,0.7338,0.7456,0.7250,...]
MULTIPLY       3.068       [1,128,40,40]        values=[1.0869,0.5356,0.7451,0.8007,0.7031,...]
SLICE          0.060       [1,64,40,40]         values=[1.0869,0.5356,0.7451,0.8007,0.7031,...]
SLICE          0.048       [1,64,40,40]         values=[0.6118,0.8725,0.7172,0.6201,0.7119,...]
IM2COL         2.595       [1,1600,576]         values=[0.0000,0.0000,0.0000,0.0000,0.6118,...]
RESHAPE        0.005       [32,576]             values=[5,-8,24,-10,-32,...]
MATMUL_ND      1.225       [1,1600,32]          values=[-0.055,-1.227,0.7138,0.2209,-0.504,...]
ADD            0.471       [1,1600,32]          values=[-0.381,-2.328,-0.417,-0.492,-1.466,...]
RESHAPE        0.028       [1,40,40,32]         values=[-0.381,-2.328,-0.417,-0.492,-1.466,...]
TRANSPOSE      0.261       [1,32,40,40]         values=[-0.381,-0.782,-0.674,-0.432,-0.388,...]
SIGMOID        0.065       [1,32,40,40]         values=[0.4057,0.3137,0.3374,0.3935,0.4040,...]
MULTIPLY       0.057       [1,32,40,40]         values=[-0.154,-0.245,-0.227,-0.170,-0.157,...]
IM2COL         1.189       [1,1600,288]         values=[0.0000,0.0000,0.0000,0.0000,-0.154,...]
RESHAPE        0.006       [64,288]             values=[0,5,13,-15,-10,...]
MATMUL_ND      0.752       [1,1600,64]          values=[0.3903,1.8652,-1.097,0.0561,0.4497,...]
ADD            0.918       [1,1600,64]          values=[-0.578,2.2832,0.1552,-0.684,-1.164,...]
RESHAPE        0.041       [1,40,40,64]         values=[-0.578,2.2832,0.1552,-0.684,-1.164,...]
TRANSPOSE      0.519       [1,64,40,40]         values=[-0.578,-1.487,-1.188,-1.048,-1.092,...]
SIGMOID        0.118       [1,64,40,40]         values=[0.3593,0.1843,0.2335,0.2595,0.2509,...]
MULTIPLY       0.066       [1,64,40,40]         values=[-0.207,-0.274,-0.277,-0.272,-0.274,...]
ADD            0.093       [1,64,40,40]         values=[0.4040,0.5986,0.4396,0.3479,0.4377,...]
CONCAT         0.108       [1,128,40,40]        values=[1.0869,0.5356,0.7451,0.8007,0.7031,...] weights=[0.6118,0.8725,0.7172,0.6201,0.7119,...]
CONCAT         0.163       [1,192,40,40]        values=[1.0869,0.5356,0.7451,0.8007,0.7031,...] weights=[0.4040,0.5986,0.4396,0.3479,0.4377,...]
IM2COL         1.492       [1,1600,192]         values=[1.0869,-0.024,-0.247,0.1512,-0.261,...]
RESHAPE        0.007       [128,192]            values=[-10,-10,-21,-6,3,...]
MATMUL_ND      0.846       [1,1600,128]         values=[0.3774,-0.250,-1.347,-0.125,-1.000,...]
ADD            1.836       [1,1600,128]         values=[-1.935,-0.047,-0.769,-0.096,-1.462,...]
RESHAPE        0.105       [1,40,40,128]        values=[-1.935,-0.047,-0.769,-0.096,-1.462,...]
TRANSPOSE      1.019       [1,128,40,40]        values=[-1.935,-0.441,0.2128,0.6054,0.6445,...]
SIGMOID        0.221       [1,128,40,40]        values=[0.1260,0.3913,0.5532,0.6469,0.6557,...]
MULTIPLY       0.143       [1,128,40,40]        values=[-0.244,-0.172,0.1177,0.3916,0.4226,...]
RESHAPE        0.112       [128,40,40]          values=[-0.244,-0.172,0.1177,0.3916,0.4226,...]
RESIZE         3.009       [128,80,80]          values=[-0.244,-0.244,-0.172,-0.172,0.1177,...]
RESHAPE        0.344       [1,128,80,80]        values=[-0.244,-0.244,-0.172,-0.172,0.1177,...]
CONCAT         0.646       [1,256,80,80]        values=[-0.244,-0.244,-0.172,-0.172,0.1177,...] weights=[-0.273,-0.164,-0.180,-0.202,-0.138,...]
IM2COL         9.217       [1,6400,256]         values=[-0.244,-0.023,-0.243,-0.045,-0.274,...]
RESHAPE        0.004       [64,256]             values=[-19,23,13,-20,-15,...]
MATMUL_ND      2.104       [1,6400,64]          values=[1.1835,0.0326,0.3637,0.0811,0.4916,...]
ADD            3.692       [1,6400,64]          values=[-1.601,-3.015,0.5800,0.3691,2.2207,...]
RESHAPE        0.182       [1,80,80,64]         values=[-1.601,-3.015,0.5800,0.3691,2.2207,...]
TRANSPOSE      1.167       [1,64,80,80]         values=[-1.601,-1.296,-1.636,-1.681,-1.527,...]
SIGMOID        0.437       [1,64,80,80]         values=[0.1677,0.2147,0.1629,0.1568,0.1783,...]
MULTIPLY       0.305       [1,64,80,80]         values=[-0.268,-0.278,-0.266,-0.263,-0.272,...]
SLICE          0.098       [1,32,80,80]         values=[-0.268,-0.278,-0.266,-0.263,-0.272,...]
SLICE          0.084       [1,32,80,80]         values=[1.4335,1.2363,1.3310,1.3339,1.4433,...]
IM2COL         5.050       [1,6400,288]         values=[0.0000,0.0000,0.0000,0.0000,1.4335,...]
RESHAPE        0.003       [16,288]             values=[-5,-3,1,-2,-27,...]
MATMUL_ND      1.841       [1,6400,16]          values=[-1.163,-0.051,-0.588,-0.891,-1.045,...]
ADD            0.956       [1,6400,16]          values=[0.1025,0.7924,0.4550,-0.313,0.2197,...]
RESHAPE        0.042       [1,80,80,16]         values=[0.1025,0.7924,0.4550,-0.313,0.2197,...]
TRANSPOSE      0.510       [1,16,80,80]         values=[0.1025,-0.042,0.1806,-0.042,-0.102,...]
SIGMOID        0.133       [1,16,80,80]         values=[0.5253,0.4892,0.5449,0.4892,0.4743,...]
MULTIPLY       0.065       [1,16,80,80]         values=[0.0538,-0.021,0.0984,-0.021,-0.048,...]
IM2COL         2.278       [1,6400,144]         values=[0.0000,0.0000,0.0000,0.0000,0.0538,...]
RESHAPE        0.002       [32,144]             values=[5,20,9,-24,-21,...]
MATMUL_ND      1.319       [1,6400,32]          values=[-0.923,-1.866,-1.460,0.3234,-1.229,...]
ADD            1.878       [1,6400,32]          values=[-0.136,-3.078,-1.545,0.8129,-1.910,...]
RESHAPE        0.114       [1,80,80,32]         values=[-0.136,-3.078,-1.545,0.8129,-1.910,...]
TRANSPOSE      1.005       [1,32,80,80]         values=[-0.136,-0.254,-0.575,-0.671,-0.340,...]
SIGMOID        0.165       [1,32,80,80]         values=[0.4660,0.4367,0.3598,0.3381,0.4157,...]
MULTIPLY       0.166       [1,32,80,80]         values=[-0.063,-0.111,-0.207,-0.227,-0.141,...]
ADD            0.195       [1,32,80,80]         values=[1.3701,1.1250,1.1240,1.1074,1.3017,...]
CONCAT         0.181       [1,64,80,80]         values=[-0.268,-0.278,-0.266,-0.263,-0.272,...] weights=[1.4335,1.2363,1.3310,1.3339,1.4433,...]
CONCAT         0.242       [1,96,80,80]         values=[-0.268,-0.278,-0.266,-0.263,-0.272,...] weights=[1.3701,1.1250,1.1240,1.1074,1.3017,...]
IM2COL         3.396       [1,6400,96]          values=[-0.268,-0.140,0.3718,0.2182,2.0019,...]
RESHAPE        0.002       [64,96]              values=[-4,8,3,8,3,...]
MATMUL_ND      1.191       [1,6400,64]          values=[0.2790,1.1748,0.1688,-0.558,-0.383,...]
ADD            3.685       [1,6400,64]          values=[0.3718,0.0146,0.6328,0.9726,-0.151,...]
RESHAPE        0.174       [1,80,80,64]         values=[0.3718,0.0146,0.6328,0.9726,-0.151,...]
TRANSPOSE      1.210       [1,64,80,80]         values=[0.3718,0.7783,1.4794,1.3125,1.3310,...]
SIGMOID        0.438       [1,64,80,80]         values=[0.5917,0.6855,0.8144,0.7880,0.7910,...]
MULTIPLY       0.319       [1,64,80,80]         values=[0.2200,0.5336,1.2050,1.0341,1.0527,...]
IM2COL         3.036       [1,1600,576]         values=[0.0000,0.0000,0.0000,0.0000,0.2200,...]
RESHAPE        0.013       [64,576]             values=[14,3,-9,17,19,...]
MATMUL_ND      1.395       [1,1600,64]          values=[1.1708,-3.113,0.7578,-1.496,-0.472,...]
ADD            0.918       [1,1600,64]          values=[-1.567,-2.039,-1.103,-1.540,-0.538,...]
RESHAPE        0.049       [1,40,40,64]         values=[-1.567,-2.039,-1.103,-1.540,-0.538,...]
TRANSPOSE      0.540       [1,64,40,40]         values=[-1.567,-0.928,-1.387,-1.486,-1.755,...]
IM2COL         9.936       [1,6400,576]         values=[0.0000,0.0000,0.0000,0.0000,0.2200,...]
RESHAPE        0.014       [64,576]             values=[0,-7,-4,7,17,...]
MATMUL_ND      4.427       [1,6400,64]          values=[-1.853,-0.251,0.6855,-1.129,1.0009,...]
ADD            3.686       [1,6400,64]          values=[-3.007,0.6582,-1.035,-0.269,-0.055,...]
RESHAPE        0.169       [1,80,80,64]         values=[-3.007,0.6582,-1.035,-0.269,-0.055,...]
TRANSPOSE      2.098       [1,64,80,80]         values=[-3.007,-2.835,-2.607,-2.695,-2.892,...]
CONV2D         3.320       [1,64,80,80]         values=[0.1408,0.1777,0.6118,0.9394,0.8461,...]
SIGMOID        0.128       [1,64,40,40]         values=[0.1726,0.2832,0.1998,0.1844,0.1473,...]
SIGMOID        0.291       [1,64,80,80]         values=[0.0470,0.0554,0.0686,0.0632,0.0525,...]
SIGMOID        0.272       [1,64,80,80]         values=[0.5351,0.5444,0.6484,0.7187,0.6997,...]
MULTIPLY       0.091       [1,64,40,40]         values=[-0.270,-0.262,-0.277,-0.274,-0.258,...]
MULTIPLY       0.416       [1,64,80,80]         values=[-0.141,-0.157,-0.179,-0.170,-0.151,...]
MULTIPLY       0.413       [1,64,80,80]         values=[0.0753,0.0967,0.3967,0.6752,0.5922,...]
CONCAT         0.163       [1,192,40,40]        values=[-0.270,-0.262,-0.277,-0.274,-0.258,...] weights=[-0.244,-0.172,0.1177,0.3916,0.4226,...]
IM2COL         9.125       [1,6400,576]         values=[0.0000,0.0000,0.0000,0.0000,-0.141,...]
RESHAPE        0.022       [64,576]             values=[1,1,0,0,1,...]
MATMUL_ND      4.877       [1,6400,64]          values=[0.2248,-5.078,-0.836,-2.048,-0.509,...]
ADD            3.666       [1,6400,64]          values=[0.4248,-2.640,0.6821,0.2695,0.1704,...]
RESHAPE        0.171       [1,80,80,64]         values=[0.4248,-2.640,0.6821,0.2695,0.1704,...]
TRANSPOSE      1.092       [1,64,80,80]         values=[0.4248,-1.609,3.5214,-0.730,3.7578,...]
IM2COL         2.300       [1,6400,64]          values=[0.0753,1.9628,0.1860,-0.168,0.2561,...]
RESHAPE        0.002       [80,64]              values=[2,4,-2,4,4,...]
MATMUL_ND      1.120       [1,6400,80]          values=[-2.273,-1.390,-1.104,0.3371,1.3105,...]
ADD            4.594       [1,6400,80]          values=[-0.697,-0.278,-0.455,0.8007,0.2910,...]
RESHAPE        0.225       [1,80,80,80]         values=[-0.697,-0.278,-0.455,0.8007,0.2910,...]
TRANSPOSE      1.502       [1,80,80,80]         values=[-0.697,-0.576,-0.542,-0.529,-0.503,...]
IM2COL         1.521       [1,1600,192]         values=[-0.270,-0.234,-0.274,-0.271,-0.198,...]
RESHAPE        0.007       [128,192]            values=[11,-2,5,19,59,...]
MATMUL_ND      0.588       [1,1600,128]         values=[0.7099,-0.785,0.9384,1.0234,-0.008,...]
ADD            1.820       [1,1600,128]         values=[1.0039,-0.173,-0.187,-0.958,-0.644,...]
RESHAPE        0.104       [1,40,40,128]        values=[1.0039,-0.173,-0.187,-0.958,-0.644,...]
TRANSPOSE      0.577       [1,128,40,40]        values=[1.0039,1.2714,1.0996,1.5175,1.6367,...]
SIGMOID        0.372       [1,64,80,80]         values=[0.6044,0.1666,0.9711,0.3251,0.9770,...]
SIGMOID        0.399       [1,80,80,80]         values=[0.3325,0.3598,0.3674,0.3706,0.3767,...]
SIGMOID        0.175       [1,128,40,40]        values=[0.7319,0.7812,0.7500,0.8203,0.8369,...]
MULTIPLY       0.373       [1,64,80,80]         values=[0.2568,-0.268,3.4199,-0.237,3.6718,...]
MULTIPLY       0.496       [1,80,80,80]         values=[-0.231,-0.207,-0.199,-0.196,-0.189,...]
MULTIPLY       0.197       [1,128,40,40]        values=[0.7348,0.9931,0.8247,1.2451,1.3701,...]
IM2COL         2.314       [1,6400,64]          values=[0.2568,-0.175,0.4528,0.1528,0.0924,...]
RESHAPE        0.002       [64,64]              values=[-29,8,8,11,-6,...]
MATMUL_ND      1.196       [1,6400,64]          values=[4.5429,4.4257,1.1572,-0.345,-0.414,...]
ADD            3.684       [1,6400,64]          values=[6.7226,6.7031,3.2968,1.3935,1.4970,...]
RESHAPE        0.187       [1,80,80,64]         values=[6.7226,6.7031,3.2968,1.3935,1.4970,...]
TRANSPOSE      2.124       [1,64,80,80]         values=[6.7226,4.1914,2.6914,2.0449,1.6406,...]
CONV2D         8.183       [1,80,80,80]         values=[0.8305,0.2219,0.2687,0.2949,0.2430,...]
SLICE          0.072       [1,64,40,40]         values=[0.7348,0.9931,0.8247,1.2451,1.3701,...]
SLICE          0.072       [1,64,40,40]         values=[-0.154,-0.194,-0.219,-0.240,-0.228,...]
SIGMOID        0.530       [1,80,80,80]         values=[0.6962,0.5551,0.5668,0.5732,0.5605,...]
IM2COL         2.398       [1,1600,576]         values=[0.0000,0.0000,0.0000,0.0000,-0.154,...]
RESHAPE        0.004       [32,576]             values=[3,-2,0,6,3,...]
MATMUL_ND      0.847       [1,1600,32]          values=[0.2432,-0.170,-1.087,-0.333,-0.213,...]
ADD            0.477       [1,1600,32]          values=[-0.525,2.0234,-1.404,-1.147,-0.168,...]
RESHAPE        0.019       [1,40,40,32]         values=[-0.525,2.0234,-1.404,-1.147,-0.168,...]
TRANSPOSE      0.164       [1,32,40,40]         values=[-0.525,-1.000,-1.173,-1.025,-0.983,...]
MULTIPLY       0.646       [1,80,80,80]         values=[0.5781,0.1232,0.1523,0.1690,0.1362,...]
SIGMOID        0.070       [1,32,40,40]         values=[0.3715,0.2687,0.2362,0.2639,0.2722,...]
IM2COL         2.747       [1,6400,80]          values=[0.5781,1.6914,0.8466,1.4316,0.7500,...]
RESHAPE        0.003       [80,80]              values=[-1,11,0,30,11,...]
MATMUL_ND      1.160       [1,6400,80]          values=[-1.024,0.7729,-12.03,-5.390,3.6503,...]
ADD            4.592       [1,6400,80]          values=[1.4287,1.8242,2.6718,0.2148,2.9492,...]
RESHAPE        0.223       [1,80,80,80]         values=[1.4287,1.8242,2.6718,0.2148,2.9492,...]
TRANSPOSE      1.472       [1,80,80,80]         values=[1.4287,1.8359,2.5429,2.2050,2.1914,...]
MULTIPLY       0.068       [1,32,40,40]         values=[-0.195,-0.269,-0.277,-0.270,-0.267,...]
SIGMOID        0.355       [1,80,80,80]         values=[0.8066,0.8623,0.9272,0.9008,0.8994,...]
IM2COL         1.189       [1,1600,288]         values=[0.0000,0.0000,0.0000,0.0000,-0.195,...]
RESHAPE        0.006       [64,288]             values=[-2,-4,12,1,-1,...]
MATMUL_ND      0.556       [1,1600,64]          values=[-1.066,1.0244,0.6357,-0.800,0.0755,...]
ADD            0.918       [1,1600,64]          values=[0.5976,-0.041,-0.729,-2.132,-3.218,...]
RESHAPE        0.042       [1,40,40,64]         values=[0.5976,-0.041,-0.729,-2.132,-3.218,...]
TRANSPOSE      0.286       [1,64,40,40]         values=[0.5976,1.0488,0.5644,0.5605,0.5185,...]
MULTIPLY       0.497       [1,80,80,80]         values=[1.1523,1.5830,2.3574,1.9863,1.9707,...]
SIGMOID        0.125       [1,64,40,40]         values=[0.6450,0.7407,0.6376,0.6367,0.6269,...]
IM2COL         2.860       [1,6400,80]          values=[1.1523,1.5703,2.5000,0.1189,2.8027,...]
RESHAPE        0.002       [80,80]              values=[12,-50,4,27,-2,...]
MATMUL_ND      1.206       [1,6400,80]          values=[-5.414,-3.875,-3.574,-3.732,-2.062,...]
ADD            4.594       [1,6400,80]          values=[-12.37,-15.43,-13.70,-15.50,-14.54,...]
RESHAPE        0.233       [1,80,80,80]         values=[-12.37,-15.43,-13.70,-15.50,-14.54,...]
TRANSPOSE      1.492       [1,80,80,80]         values=[-12.37,-13.00,-12.77,-12.62,-12.32,...]
MULTIPLY       0.125       [1,64,40,40]         values=[0.3854,0.7768,0.3598,0.3569,0.3251,...]
CONCAT         0.407       [1,144,80,80]        values=[6.7226,4.1914,2.6914,2.0449,1.6406,...] weights=[-12.37,-13.00,-12.77,-12.62,-12.32,...]
ADD            0.102       [1,64,40,40]         values=[0.2307,0.5825,0.1401,0.1159,0.0966,...]
RESHAPE        0.349       [1,144,6400]         values=[6.7226,4.1914,2.6914,2.0449,1.6406,...]
CONCAT         0.088       [1,128,40,40]        values=[0.7348,0.9931,0.8247,1.2451,1.3701,...] weights=[-0.154,-0.194,-0.219,-0.240,-0.228,...]
CONCAT         0.132       [1,192,40,40]        values=[0.7348,0.9931,0.8247,1.2451,1.3701,...] weights=[0.2307,0.5825,0.1401,0.1159,0.0966,...]
IM2COL         1.485       [1,1600,192]         values=[0.7348,-0.079,-0.085,-0.265,-0.221,...]
RESHAPE        0.006       [128,192]            values=[4,3,-5,-4,7,...]
MATMUL_ND      0.897       [1,1600,128]         values=[0.4455,-0.321,-1.644,1.3525,-0.713,...]
ADD            1.821       [1,1600,128]         values=[0.6777,0.9238,-0.588,1.5429,-1.051,...]
RESHAPE        0.100       [1,40,40,128]        values=[0.6777,0.9238,-0.588,1.5429,-1.051,...]
TRANSPOSE      0.593       [1,128,40,40]        values=[0.6777,-0.587,-0.689,-0.730,-0.841,...]
SIGMOID        0.180       [1,128,40,40]        values=[0.6630,0.3571,0.3342,0.3251,0.3012,...]
MULTIPLY       0.164       [1,128,40,40]        values=[0.4494,-0.209,-0.230,-0.237,-0.253,...]
IM2COL         1.159       [1,400,1152]         values=[0.0000,0.0000,0.0000,0.0000,0.4494,...]
RESHAPE        0.037       [128,1152]           values=[1,-8,3,-11,-16,...]
MATMUL_ND      0.875       [1,400,128]          values=[-0.719,0.4291,0.3442,-0.403,-0.840,...]
ADD            0.456       [1,400,128]          values=[-0.947,0.3415,0.0285,-0.736,-1.541,...]
RESHAPE        0.020       [1,20,20,128]        values=[-0.947,0.3415,0.0285,-0.736,-1.541,...]
TRANSPOSE      0.260       [1,128,20,20]        values=[-0.947,-0.414,0.7485,-0.121,-0.761,...]
IM2COL         4.466       [1,1600,1152]        values=[0.0000,0.0000,0.0000,0.0000,0.4494,...]
RESHAPE        0.034       [64,1152]            values=[1,6,0,-2,-4,...]
MATMUL_ND      2.963       [1,1600,64]          values=[0.1480,-0.040,-1.167,2.1250,0.7773,...]
ADD            0.917       [1,1600,64]          values=[0.2373,0.1679,-0.959,2.2148,-0.100,...]
RESHAPE        0.055       [1,40,40,64]         values=[0.2373,0.1679,-0.959,2.2148,-0.100,...]
TRANSPOSE      0.505       [1,64,40,40]         values=[0.2373,-0.642,0.5761,0.6718,0.9858,...]
CONV2D         3.266       [1,128,40,40]        values=[0.8203,2.1484,1.9501,1.9531,1.9736,...]
SIGMOID        0.072       [1,128,20,20]        values=[0.2795,0.3979,0.6787,0.4694,0.3183,...]
SIGMOID        0.128       [1,64,40,40]         values=[0.5590,0.3447,0.6401,0.6621,0.7280,...]
SIGMOID        0.216       [1,128,40,40]        values=[0.6943,0.8955,0.8754,0.8759,0.8779,...]
MULTIPLY       0.045       [1,128,20,20]        values=[-0.264,-0.164,0.5078,-0.057,-0.242,...]
MULTIPLY       0.087       [1,64,40,40]         values=[0.1326,-0.221,0.3688,0.4448,0.7177,...]
MULTIPLY       0.156       [1,128,40,40]        values=[0.5693,1.9238,1.7070,1.7109,1.7324,...]
CONCAT         0.076       [1,384,20,20]        values=[-0.264,-0.164,0.5078,-0.057,-0.242,...] weights=[-0.235,-0.157,-0.156,-0.219,-0.219,...]
IM2COL         2.286       [1,1600,576]         values=[0.0000,0.0000,0.0000,0.0000,0.1326,...]
RESHAPE        0.010       [64,576]             values=[0,1,1,2,-1,...]
MATMUL_ND      1.361       [1,1600,64]          values=[0.1131,-2.886,-2.443,2.2792,0.2946,...]
ADD            0.918       [1,1600,64]          values=[-0.480,-0.677,-0.827,1.3554,1.9443,...]
RESHAPE        0.041       [1,40,40,64]         values=[-0.480,-0.677,-0.827,1.3554,1.9443,...]
TRANSPOSE      0.495       [1,64,40,40]         values=[-0.480,0.3901,0.1284,-0.187,-0.195,...]
IM2COL         0.994       [1,1600,128]         values=[0.5693,0.4873,1.1435,0.5200,0.3874,...]
RESHAPE        0.002       [80,128]             values=[2,-8,2,1,3,...]
MATMUL_ND      0.493       [1,1600,80]          values=[0.6328,0.3918,0.6098,0.0723,1.3857,...]
ADD            1.154       [1,1600,80]          values=[1.0507,1.1347,-2.175,-0.113,-0.981,...]
RESHAPE        0.054       [1,40,40,80]         values=[1.0507,1.1347,-2.175,-0.113,-0.981,...]
TRANSPOSE      0.626       [1,80,40,40]         values=[1.0507,0.9462,1.2900,1.2558,1.2753,...]
IM2COL         0.911       [1,400,384]          values=[-0.264,0.1995,0.0144,-0.238,-0.271,...]
RESHAPE        0.030       [256,384]            values=[1,-2,3,-13,6,...]
MATMUL_ND      0.561       [1,400,256]          values=[1.4101,1.5527,-0.864,2.0234,0.7109,...]
ADD            0.909       [1,400,256]          values=[0.8188,0.3984,-0.470,0.3906,-0.752,...]
RESHAPE        0.028       [1,20,20,256]        values=[0.8188,0.3984,-0.470,0.3906,-0.752,...]
TRANSPOSE      0.519       [1,256,20,20]        values=[0.8188,0.3417,0.2651,0.3310,0.1982,...]
SIGMOID        0.118       [1,64,40,40]         values=[0.3820,0.5961,0.5322,0.4533,0.4514,...]
SIGMOID        0.140       [1,80,40,40]         values=[0.7407,0.7202,0.7841,0.7783,0.7817,...]
SIGMOID        0.115       [1,256,20,20]        values=[0.6938,0.5844,0.5659,0.5820,0.5493,...]
MULTIPLY       0.099       [1,64,40,40]         values=[-0.183,0.2325,0.0683,-0.084,-0.088,...]
MULTIPLY       0.130       [1,80,40,40]         values=[0.7783,0.6816,1.0117,0.9775,0.9970,...]
MULTIPLY       0.099       [1,256,20,20]        values=[0.5683,0.1998,0.1500,0.1926,0.1088,...]
IM2COL         0.515       [1,1600,64]          values=[-0.183,-0.228,-0.251,1.0771,1.7011,...]
RESHAPE        0.002       [64,64]              values=[4,-108,-45,1,3,...]
MATMUL_ND      0.303       [1,1600,64]          values=[3.0605,2.8496,0.6787,-0.359,0.0828,...]
ADD            0.918       [1,1600,64]          values=[5.5898,5.3125,3.0546,1.8867,2.1757,...]
RESHAPE        0.044       [1,40,40,64]         values=[5.5898,5.3125,3.0546,1.8867,2.1757,...]
TRANSPOSE      0.506       [1,64,40,40]         values=[5.5898,3.1035,2.1308,0.7373,0.3085,...]
CONV2D         1.692       [1,80,40,40]         values=[1.0693,0.7558,0.7915,0.7133,0.6904,...]
SLICE          0.030       [1,128,20,20]        values=[0.5683,0.1998,0.1500,0.1926,0.1088,...]
SLICE          0.025       [1,128,20,20]        values=[0.4040,0.6752,0.2070,-0.052,0.0541,...]
SIGMOID        0.115       [1,80,40,40]         values=[0.7446,0.6806,0.6879,0.6713,0.6660,...]
IM2COL         0.298       [1,400,128]          values=[0.4040,-0.272,1.0576,1.1494,0.4621,...]
RESHAPE        0.002       [64,128]             values=[-8,-8,0,17,13,...]
MATMUL_ND      0.176       [1,400,64]           values=[0.2895,-0.241,0.3684,0.2548,-0.632,...]
ADD            0.230       [1,400,64]           values=[0.1516,-0.730,-0.760,0.3049,-1.535,...]
RESHAPE        0.010       [1,20,20,64]         values=[0.1516,-0.730,-0.760,0.3049,-1.535,...]
TRANSPOSE      0.142       [1,64,20,20]         values=[0.1516,0.3588,0.3581,0.3388,0.2949,...]
IM2COL         0.245       [1,400,128]          values=[0.4040,-0.272,1.0576,1.1494,0.4621,...]
RESHAPE        0.002       [64,128]             values=[10,2,-9,27,-5,...]
MATMUL_ND      0.158       [1,400,64]           values=[-1.670,-2.287,-0.575,-0.295,-1.055,...]
ADD            0.230       [1,400,64]           values=[-2.125,-2.683,-0.732,-0.395,-1.146,...]
RESHAPE        0.008       [1,20,20,64]         values=[-2.125,-2.683,-0.732,-0.395,-1.146,...]
TRANSPOSE      0.079       [1,64,20,20]         values=[-2.125,-1.736,-1.899,-2.068,-1.601,...]
MULTIPLY       0.099       [1,80,40,40]         values=[0.7963,0.5146,0.5444,0.4790,0.4597,...]
SIGMOID        0.027       [1,64,20,20]         values=[0.5375,0.5888,0.5883,0.5839,0.5732,...]
SIGMOID        0.025       [1,64,20,20]         values=[0.1066,0.1497,0.1301,0.1122,0.1677,...]
IM2COL         0.638       [1,1600,80]          values=[0.7963,0.7246,-0.048,0.8159,0.1522,...]
RESHAPE        0.002       [80,80]              values=[-6,3,-8,-9,5,...]
MATMUL_ND      0.413       [1,1600,80]          values=[-5.562,0.1011,-6.757,-9.664,-5.347,...]
ADD            1.144       [1,1600,80]          values=[-3.621,0.2778,0.8320,-1.367,-1.640,...]
RESHAPE        0.067       [1,40,40,80]         values=[-3.621,0.2778,0.8320,-1.367,-1.640,...]
TRANSPOSE      0.660       [1,80,40,40]         values=[-3.621,-4.207,-3.515,-2.714,-2.660,...]
MULTIPLY       0.054       [1,64,20,20]         values=[0.0814,0.2113,0.2106,0.1978,0.1690,...]
MULTIPLY       0.026       [1,64,20,20]         values=[-0.226,-0.260,-0.247,-0.232,-0.268,...]
SIGMOID        0.145       [1,80,40,40]         values=[0.0260,0.0146,0.0288,0.0621,0.0653,...]
IM2COL         0.594       [1,400,576]          values=[0.0000,0.0000,0.0000,0.0000,0.0814,...]
RESHAPE        0.013       [64,576]             values=[16,-5,-1,46,17,...]
MATMUL_ND      0.497       [1,400,64]           values=[-0.404,-0.643,0.2333,-0.316,0.7099,...]
ADD            0.231       [1,400,64]           values=[-2.175,-2.363,-0.585,-0.078,-0.823,...]
RESHAPE        0.007       [1,20,20,64]         values=[-2.175,-2.363,-0.585,-0.078,-0.823,...]
TRANSPOSE      0.142       [1,64,20,20]         values=[-2.175,-0.103,-0.578,-1.048,-0.625,...]
MULTIPLY       0.131       [1,80,40,40]         values=[-0.094,-0.061,-0.101,-0.168,-0.173,...]
SIGMOID        0.041       [1,64,20,20]         values=[0.1019,0.4741,0.3593,0.2595,0.3483,...]
IM2COL         0.641       [1,1600,80]          values=[-0.094,0.1580,0.5795,-0.277,-0.266,...]
RESHAPE        0.002       [80,80]              values=[7,9,3,10,-2,...]
MATMUL_ND      0.448       [1,1600,80]          values=[-7.402,-4.015,-5.582,-4.640,-4.062,...]
ADD            1.146       [1,1600,80]          values=[-13.71,-14.57,-14.60,-15.02,-14.89,...]
RESHAPE        0.071       [1,40,40,80]         values=[-13.71,-14.57,-14.60,-15.02,-14.89,...]
TRANSPOSE      0.364       [1,80,40,40]         values=[-13.71,-13.65,-13.93,-13.67,-13.28,...]
MULTIPLY       0.031       [1,64,20,20]         values=[-0.221,-0.049,-0.207,-0.272,-0.218,...]
CONCAT         0.124       [1,144,40,40]        values=[5.5898,3.1035,2.1308,0.7373,0.3085,...] weights=[-13.71,-13.65,-13.93,-13.67,-13.28,...]
IM2COL         0.588       [1,400,576]          values=[0.0000,0.0000,0.0000,0.0000,-0.221,...]
RESHAPE        0.010       [64,576]             values=[-4,1,3,5,3,...]
MATMUL_ND      0.443       [1,400,64]           values=[-0.212,0.5048,0.5219,0.0489,1.5712,...]
ADD            0.242       [1,400,64]           values=[-0.017,-1.064,-0.575,0.7709,0.3349,...]
RESHAPE        0.010       [1,20,20,64]         values=[-0.017,-1.064,-0.575,0.7709,0.3349,...]
TRANSPOSE      0.145       [1,64,20,20]         values=[-0.017,-0.052,0.0978,0.2861,0.5375,...]
RESHAPE        0.116       [1,144,1600]         values=[5.5898,3.1035,2.1308,0.7373,0.3085,...]
SIGMOID        0.056       [1,64,20,20]         values=[0.4956,0.4870,0.5244,0.5712,0.6313,...]
MULTIPLY       0.023       [1,64,20,20]         values=[-0.008,-0.025,0.0513,0.1634,0.3393,...]
ADD            0.028       [1,64,20,20]         values=[0.0727,0.1859,0.2619,0.3613,0.5083,...]
IM2COL         0.563       [1,400,576]          values=[0.0000,0.0000,0.0000,0.0000,0.0727,...]
RESHAPE        0.009       [64,576]             values=[2,9,-3,-5,0,...]
MATMUL_ND      0.498       [1,400,64]           values=[0.1118,-0.099,-1.125,-0.257,0.4128,...]
ADD            0.230       [1,400,64]           values=[-0.512,-1.202,-1.071,-0.092,-0.322,...]
RESHAPE        0.010       [1,20,20,64]         values=[-0.512,-1.202,-1.071,-0.092,-0.322,...]
TRANSPOSE      0.139       [1,64,20,20]         values=[-0.512,-0.609,-0.686,-0.446,-0.286,...]
SIGMOID        0.053       [1,64,20,20]         values=[0.3745,0.3522,0.3347,0.3901,0.4289,...]
MULTIPLY       0.020       [1,64,20,20]         values=[-0.192,-0.214,-0.229,-0.174,-0.122,...]
IM2COL         0.570       [1,400,576]          values=[0.0000,0.0000,0.0000,0.0000,-0.192,...]
RESHAPE        0.010       [64,576]             values=[-7,-12,4,-4,-6,...]
MATMUL_ND      0.499       [1,400,64]           values=[0.1898,-0.600,-0.613,0.0279,0.3237,...]
ADD            0.230       [1,400,64]           values=[-0.135,-0.189,-0.168,-0.896,0.0327,...]
RESHAPE        0.009       [1,20,20,64]         values=[-0.135,-0.189,-0.168,-0.896,0.0327,...]
TRANSPOSE      0.139       [1,64,20,20]         values=[-0.135,-0.162,-0.158,-0.468,-0.274,...]
SIGMOID        0.053       [1,64,20,20]         values=[0.4663,0.4594,0.4604,0.3850,0.4316,...]
MULTIPLY       0.020       [1,64,20,20]         values=[-0.063,-0.074,-0.072,-0.180,-0.118,...]
ADD            0.025       [1,64,20,20]         values=[0.0096,0.1111,0.1889,0.1810,0.3896,...]
CONCAT         0.023       [1,128,20,20]        values=[0.0096,0.1111,0.1889,0.1810,0.3896,...] weights=[-0.226,-0.260,-0.247,-0.232,-0.268,...]
IM2COL         0.307       [1,400,128]          values=[0.0096,-0.596,-0.526,0.4423,-0.060,...]
RESHAPE        0.004       [128,128]            values=[5,-11,-1,4,10,...]
MATMUL_ND      0.241       [1,400,128]          values=[-0.626,0.3317,0.4946,0.3664,1.0439,...]
ADD            0.455       [1,400,128]          values=[0.2246,1.3964,0.0383,0.2448,-0.081,...]
RESHAPE        0.012       [1,20,20,128]        values=[0.2246,1.3964,0.0383,0.2448,-0.081,...]
TRANSPOSE      0.167       [1,128,20,20]        values=[0.2246,0.6044,0.4643,0.2822,0.6513,...]
SIGMOID        0.063       [1,128,20,20]        values=[0.5561,0.6464,0.6142,0.5703,0.6572,...]
MULTIPLY       0.035       [1,128,20,20]        values=[0.1249,0.3908,0.2851,0.1610,0.4279,...]
CONCAT         0.063       [1,256,20,20]        values=[0.5683,0.1998,0.1500,0.1926,0.1088,...] weights=[0.4040,0.6752,0.2070,-0.052,0.0541,...]
CONCAT         0.069       [1,384,20,20]        values=[0.5683,0.1998,0.1500,0.1926,0.1088,...] weights=[0.1249,0.3908,0.2851,0.1610,0.4279,...]
IM2COL         0.904       [1,400,384]          values=[0.5683,0.2382,-0.180,0.2329,-0.240,...]
RESHAPE        0.028       [256,384]            values=[-2,4,-1,1,5,...]
MATMUL_ND      0.563       [1,400,256]          values=[-1.313,-0.779,0.0018,0.6831,-0.040,...]
ADD            0.907       [1,400,256]          values=[-1.743,-1.033,-0.908,-0.277,-0.710,...]
RESHAPE        0.049       [1,20,20,256]        values=[-1.743,-1.033,-0.908,-0.277,-0.710,...]
TRANSPOSE      0.530       [1,256,20,20]        values=[-1.743,-0.793,-0.431,-0.663,-0.809,...]
SIGMOID        0.119       [1,256,20,20]        values=[0.1489,0.3112,0.3937,0.3400,0.3078,...]
MULTIPLY       0.071       [1,256,20,20]        values=[-0.259,-0.247,-0.169,-0.225,-0.249,...]
IM2COL         2.220       [1,400,2304]         values=[0.0000,0.0000,0.0000,0.0000,-0.259,...]
RESHAPE        0.037       [64,2304]            values=[1,1,8,0,4,...]
MATMUL_ND      2.047       [1,400,64]           values=[-0.220,0.2325,-0.631,-0.726,0.3559,...]
ADD            0.231       [1,400,64]           values=[-0.345,0.3156,-0.714,-1.100,0.3559,...]
RESHAPE        0.009       [1,20,20,64]         values=[-0.345,0.3156,-0.714,-1.100,0.3559,...]
TRANSPOSE      0.143       [1,64,20,20]         values=[-0.345,-1.155,-0.737,-1.060,-1.356,...]
CONV2D         1.637       [1,256,20,20]        values=[-0.183,-0.062,-0.107,-0.230,-0.127,...]
SIGMOID        0.039       [1,64,20,20]         values=[0.4143,0.2395,0.3234,0.2573,0.2048,...]
SIGMOID        0.062       [1,256,20,20]        values=[0.4543,0.4843,0.4731,0.4426,0.4682,...]
MULTIPLY       0.019       [1,64,20,20]         values=[-0.143,-0.276,-0.238,-0.272,-0.277,...]
MULTIPLY       0.068       [1,256,20,20]        values=[-0.083,-0.030,-0.051,-0.102,-0.059,...]
IM2COL         0.605       [1,400,576]          values=[0.0000,0.0000,0.0000,0.0000,-0.143,...]
RESHAPE        0.008       [64,576]             values=[1,3,1,1,2,...]
MATMUL_ND      0.442       [1,400,64]           values=[-1.945,2.6757,-0.260,-0.729,0.7158,...]
ADD            0.231       [1,400,64]           values=[0.8339,2.0625,0.2426,0.9350,0.8251,...]
RESHAPE        0.009       [1,20,20,64]         values=[0.8339,2.0625,0.2426,0.9350,0.8251,...]
TRANSPOSE      0.142       [1,64,20,20]         values=[0.8339,4.7109,4.2109,0.0625,1.8681,...]
IM2COL         0.603       [1,400,256]          values=[-0.083,-0.113,0.8935,0.8408,0.3012,...]
RESHAPE        0.004       [80,256]             values=[3,-3,0,-1,-5,...]
MATMUL_ND      0.249       [1,400,80]           values=[0.3769,0.1216,0.9731,-0.971,0.0682,...]
ADD            0.286       [1,400,80]           values=[-0.327,-2.673,1.7441,-1.257,0.6406,...]
RESHAPE        0.011       [1,20,20,80]         values=[-0.327,-2.673,1.7441,-1.257,0.6406,...]
TRANSPOSE      0.179       [1,80,20,20]         values=[-0.327,-0.362,-0.198,0.0463,-0.279,...]
SIGMOID        0.053       [1,64,20,20]         values=[0.6972,0.9912,0.9853,0.5156,0.8662,...]
SIGMOID        0.051       [1,80,20,20]         values=[0.4189,0.4104,0.4504,0.5117,0.4306,...]
MULTIPLY       0.021       [1,64,20,20]         values=[0.5815,4.6679,4.1484,0.0322,1.6181,...]
MULTIPLY       0.024       [1,80,20,20]         values=[-0.137,-0.148,-0.089,0.0237,-0.120,...]
IM2COL         0.131       [1,400,64]           values=[0.5815,1.8300,0.1359,0.6713,0.5737,...]
RESHAPE        0.001       [64,64]              values=[0,5,3,-41,4,...]
MATMUL_ND      0.112       [1,400,64]           values=[2.3144,2.0898,0.2595,-0.607,-0.386,...]
ADD            0.231       [1,400,64]           values=[5.1484,4.8593,2.7382,1.7148,1.4667,...]
RESHAPE        0.012       [1,20,20,64]         values=[5.1484,4.8593,2.7382,1.7148,1.4667,...]
TRANSPOSE      0.615       [1,64,20,20]         values=[5.1484,3.2656,2.2578,0.9433,-0.054,...]
CONV2D         0.534       [1,80,20,20]         values=[0.8041,0.7998,0.7294,0.5756,0.7778,...]
SIGMOID        0.058       [1,80,20,20]         values=[0.6909,0.6899,0.6748,0.6401,0.6850,...]
MULTIPLY       0.021       [1,80,20,20]         values=[0.5556,0.5517,0.4921,0.3684,0.5327,...]
IM2COL         0.179       [1,400,80]           values=[0.5556,-0.259,1.7275,-0.277,1.4179,...]
RESHAPE        0.002       [80,80]              values=[-14,-15,-8,-9,-32,...]
MATMUL_ND      0.106       [1,400,80]           values=[-7.691,4.1914,-25.12,8.2578,-1.334,...]
ADD            0.286       [1,400,80]           values=[-0.218,3.7871,0.5156,6.8437,4.9218,...]
RESHAPE        0.011       [1,20,20,80]         values=[-0.218,3.7871,0.5156,6.8437,4.9218,...]
TRANSPOSE      0.119       [1,80,20,20]         values=[-0.218,-0.699,-0.910,-0.527,-0.097,...]
SIGMOID        0.042       [1,80,20,20]         values=[0.4455,0.3320,0.2868,0.3710,0.4755,...]
MULTIPLY       0.015       [1,80,20,20]         values=[-0.097,-0.232,-0.260,-0.195,-0.046,...]
IM2COL         0.159       [1,400,80]           values=[-0.097,3.7031,0.3227,6.8359,4.8867,...]
RESHAPE        0.001       [80,80]              values=[10,-89,14,-127,-69,...]
MATMUL_ND      0.137       [1,400,80]           values=[-6.195,-3.814,-4.285,-4.175,-4.027,...]
ADD            0.286       [1,400,80]           values=[-11.57,-12.91,-12.51,-12.89,-12.96,...]
RESHAPE        0.006       [1,20,20,80]         values=[-11.57,-12.91,-12.51,-12.89,-12.96,...]
TRANSPOSE      0.166       [1,80,20,20]         values=[-11.57,-11.06,-10.96,-10.51,-10.92,...]
CONCAT         0.023       [1,144,20,20]        values=[5.1484,3.2656,2.2578,0.9433,-0.054,...] weights=[-11.57,-11.06,-10.96,-10.51,-10.92,...]
RESHAPE        0.024       [1,144,400]          values=[5.1484,3.2656,2.2578,0.9433,-0.054,...]
CONCAT         0.525       [1,144,8000]         values=[6.7226,4.1914,2.6914,2.0449,1.6406,...] weights=[5.5898,3.1035,2.1308,0.7373,0.3085,...]
CONCAT         0.527       [1,144,8400]         values=[6.7226,4.1914,2.6914,2.0449,1.6406,...] weights=[5.1484,3.2656,2.2578,0.9433,-0.054,...]
SLICE          0.194       [1,64,8400]          values=[6.7226,4.1914,2.6914,2.0449,1.6406,...]
SLICE          0.239       [1,80,8400]          values=[-12.37,-13.00,-12.77,-12.62,-12.32,...]
RESHAPE        0.189       [1,4,16,8400]        values=[6.7226,4.1914,2.6914,2.0449,1.6406,...]
SIGMOID        0.733       [1,80,8400]          values=[0.0000,0.0000,0.0000,0.0000,0.0000,...]
TRANSPOSE      1.308       [1,16,4,8400]        values=[6.7226,4.1914,2.6914,2.0449,1.6406,...]
TRANSPOSE      1.307       [1,4,8400,16]        values=[6.7226,6.7031,3.2968,1.3935,1.4970,...]
SOFTMAX        1.608       [1,4,8400,16]        values=[0.4914,0.4819,0.0159,0.0023,0.0026,...]
TRANSPOSE      1.309       [1,16,4,8400]        values=[0.4914,0.0518,0.0388,0.0439,0.0551,...]
IM2COL         0.938       [1,33600,16]         values=[0.4914,0.4819,0.0159,0.0023,0.0026,...]
RESHAPE        0.002       [1,16]               values=[0,8,17,25,34,...]
MATMUL_ND      0.453       [1,33600,1]          values=[0.4951,1.3740,2.3457,3.1777,4.1718,...]
RESHAPE        0.015       [1,4,8400,1]         values=[0.4951,1.3740,2.3457,3.1777,4.1718,...]
TRANSPOSE      0.151       [1,1,4,8400]         values=[0.4951,1.3740,2.3457,3.1777,4.1718,...]
RESHAPE        0.010       [1,4,8400]           values=[0.4951,1.3740,2.3457,3.1777,4.1718,...]
SLICE          0.005       [1,2,8400]           values=[0.4951,1.3740,2.3457,3.1777,4.1718,...]
SLICE          0.007       [1,2,8400]           values=[0.6137,2.6132,2.6953,3.6425,8.6640,...]
SUBTRACT       0.040       [1,2,8400]           values=[0.1308,-0.122,0.1582,0.5781,0.2109,...]
ADD            0.031       [1,2,8400]           values=[1.2402,3.8652,5.1992,7.3984,13.046,...]
ADD            0.019       [1,2,8400]           values=[1.3710,3.7421,5.3593,7.9765,13.257,...]
SUBTRACT       0.017       [1,2,8400]           values=[1.1093,3.9882,5.0390,6.8203,12.835,...]
DIVIDE         0.143       [1,2,8400]           values=[0.6855,1.8710,2.6796,3.9882,6.6289,...]
CONCAT         0.013       [1,4,8400]           values=[0.6855,1.8710,2.6796,3.9882,6.6289,...] weights=[1.1093,3.9882,5.0390,6.8203,12.835,...]
MULTIPLY       0.287       [1,4,8400]           values=[5.5273,15.085,21.609,32.156,53.437,...]
CONCAT         0.294       [1,84,8400]          values=[5.5273,15.085,21.609,32.156,53.437,...] weights=[0.0000,0.0000,0.0000,0.0000,0.0000,...]
------------------------------------------------------------
Total execution time: 552.774 ms
================================
